version: 1
creator: callgrind-3.10.1
pid: 27631
cmd:  ./test
part: 1


desc: I1 cache: 
desc: D1 cache: 
desc: LL cache: 

desc: Timerange: Basic block 0 - 1863164937
desc: Trigger: Program termination

positions: line
events: Ir
summary: 9143320863


ob=(1) /lib/i386-linux-gnu/ld-2.19.so
fl=(48) /build/buildd/eglibc-2.19/misc/../sysdeps/unix/syscall-template.S
fn=(190) mprotect
81 45
+1 5

fn=(224) munmap
81 8
+1 1

fl=(1) ???
fn=(338) _dl_sysinfo_int80
0 364038

fn=(0) 0x000010d0
0 2
cfi=(2) /build/buildd/eglibc-2.19/elf/rtld.c
cfn=(2) _dl_start
calls=1 362 
0 134193
0 2
cfn=(228) 0x000010c0
calls=1 0 
0 2
0 17
cfi=(56) /build/buildd/eglibc-2.19/elf/dl-init.c
cfn=(232) _dl_init
calls=1 86 
0 4067
0 3
cob=(6) /home/genglei/test/memleak/test
cfi=(67) ???
cfn=(296) 0x080491d0
calls=1 0 
0 9143182577

fn=(228)
0 2

fl=(36) /build/buildd/eglibc-2.19/elf/dl-cache.c
fn=(132) _dl_load_cache_lookup
182 10
cfi=(3) /build/buildd/eglibc-2.19/elf/../sysdeps/i386/dl-tlsdesc.S
cfn=(4) 0x000187a8
calls=2 -52 
* 4
* 6
+8 4
+3 6
+45 3
+6 8
+9 2
+2 2
-2 4
fi=(37) /build/buildd/eglibc-2.19/elf/../sysdeps/i386/dl-procinfo.h
100 8
+3 6
cfi=(19) /build/buildd/eglibc-2.19/string/../sysdeps/i386/i686/multiarch/../strcmp.S
cfn=(54) strcmp
calls=2 -73 
* 32
* 18
cfi=(19)
cfn=(54)
calls=6 -73 
* 142
* 16
-2 24
fe=(36)
259 8
cfi=(24) /build/buildd/eglibc-2.19/io/../sysdeps/unix/syscall-template.S
cfn=(68) access
calls=2 81 
* 32
* 2
+4 16
+15 306
cfn=(138) _dl_cache_libcmp
calls=20 138 
* 2208
* 98
fi=(37)
104 2
fe=(36)
257 20
-61 4
cfi=(31) /build/buildd/eglibc-2.19/elf/dl-misc.c
cfn=(134) _dl_sysdep_read_whole_file
calls=1 45 
* 102
+8 1
-8 1
+8 4
+1 5
cfi=(14) /build/buildd/eglibc-2.19/string/../sysdeps/i386/i686/multiarch/../memcmp.S
cfn=(30) bcmp
calls=1 46 
* 40
* 2
+7 1
-3 1
+3 2
+3 1
+1 2
-1 1
+1 1
+1 5
cfi=(14)
cfn=(30)
calls=1 46 
* 43
* 2
+2 2
+59 36
cfn=(138)
calls=2 138 
* 216
* 10
-15 2
+15 2
-15 8
+15 32
-15 4
+15 2
-14 2
-1 4
+15 52
+16 4
+5 14

fn=(222) _dl_unload_cache
308 2
cfi=(3)
cfn=(4)
calls=1 130 
* 2
* 2
+1 4
+2 4
cfi=(48)
cfn=(224)
calls=1 81 
* 9
+1 1
+2 3

fn=(138)
138 132
+1 96
+2 110
+2 110
-2 220
+2 12
+7 2
-1 6
+1 2
-1 2
+1 6
+1 6
-2 2
+2 2
+2 10
+2 4
+6 540
+2 432
+4 88
-28 88
+29 88
-29 266
+32 2
+1 8
-1 2
+1 2
-19 6
+11 20
+8 20
-8 40
+8 20
-8 20
+8 60

fl=(41) /build/buildd/eglibc-2.19/elf/dl-reloc.c
fn=(164) _dl_relocate_object
154 40
cfi=(3)
cfn=(4)
calls=5 -24 
* 10
* 5
+15 10
+1 25
+6 15
+6 15
-18 10
+22 5
-22 5
+22 5
+7 20
-32 5
+77 20
fi=(6) /build/buildd/eglibc-2.19/elf/../sysdeps/i386/dl-machine.h
103 35
fe=(41)
264 344
-99 55
fi=(5) /build/buildd/eglibc-2.19/elf/do-rel.h
-67 10
fe=(41)
264 5
fi=(5)
47 5
+11 5
-11 5
fe=(41)
264 5
fi=(5)
58 5
fe=(41)
264 5
fi=(5)
47 5
+11 5
-11 5
fe=(41)
264 5
fi=(5)
58 5
+3 4
fi=(6)
401 8
fi=(5)
61 8
fi=(6)
661 4
-1 8
+1 4
-1 4
+3 8
-2 101
-1 202
+1 101
-1 101
+3 202
+2 388
+1 97
fi=(5)
61 355
fe=(41)
264 305
fi=(6)
610 10
fi=(5)
47 5
+51 5
-52 5
+1 5
+37 5
+14 5
-14 5
-1 5
+3 5
-3 5
+3 15
+12 5
-51 5
+51 5
-52 5
+1 5
+37 5
+14 5
-14 5
-1 5
+3 5
-3 5
+3 15
+12 5
+10 32
+10 40
+3 8
+3 8
-3 8
+3 8
fi=(6)
511 10
fe=(41)
264 30
+3 15
+28 5
+3 5
-3 5
+3 10
+17 20
+1 10
cfn=(188) _dl_protect_relro
calls=5 +6 
* 210
* 10
+1 30
183 15
fi=(6)
-74 8
+4 12
+13 4
-8 4
+8 4
-8 4
+8 4
+13 12
fi=(5)
-55 12
-1 12
+3 12
+12 18
+7 12
+6 6
+1 6
fi=(6)
639 15
fi=(5)
112 2512
fi=(6)
639 2512
fi=(5)
111 1259
fi=(6)
640 1259
fi=(5)
111 2518
+7 24
+3 10
+3 15
fi=(6)
465 12
fi=(5)
136 4
+3 4
-3 8
+3 4
-1 4
-2 8
+2 4
-2 4
+1 8
+2 4
-1 4
fi=(6)
308 4
+3 4
fi=(5)
137 8
fi=(6)
311 4
fi=(5)
136 112
+3 112
-3 224
+3 112
-1 112
-2 224
+2 112
-2 112
+1 224
+2 112
-1 112
fi=(6)
308 112
+3 112
fi=(5)
137 224
fi=(6)
311 112
+17 232
+9 2915
fi=(5)
137 92
fi=(6)
337 276
fi=(5)
138 92
fi=(6)
337 392
fi=(5)
137 6
fi=(6)
337 18
fi=(5)
138 6
fi=(6)
337 1788
cfi=(7) /build/buildd/eglibc-2.19/elf/dl-lookup.c
cfn=(170) _dl_lookup_symbol_x
calls=98 714 
* 66393
* 588
+1 426
+3 440
+6 580
fi=(5)
124 468
fi=(6)
370 6
+1 12
+67 33
+2 44
+1 77
-84 270
+97 9
+4 15
+1 3
+10 21
cfi=(18) /build/buildd/eglibc-2.19/string/../sysdeps/i386/i686/multiarch/../memcpy.S
cfn=(46) memcpy
calls=3 40 
* 81
* 3
-21 27
337 39
+1 6
+2 12
fe=(41)
-76 131
fi=(6)
465 2
fi=(5)
160 4
+11 3
-1 1
+1 1
-1 1
fi=(6)
308 1
fi=(5)
170 3
fi=(6)
311 3
fi=(5)
171 12
-1 4
+1 4
-1 4
fi=(6)
308 4
fi=(5)
170 12
fi=(6)
311 12
+17 10
+9 205
cfi=(7)
cfn=(170)
calls=5 714 
* 3028
* 30
+1 13
+3 4
+6 25
fi=(5)
160 21
fi=(6)
340 4
-2 4
+2 4
fe=(41)
-76 3
fi=(6)
+93 20
fi=(5)
111 24
+49 8
fi=(6)
502 20
fe=(41)
264 35
fi=(6)
671 16
337 135
718 16
+2 8
+1 8
-1 16
+1 16
+1 8
cob=(4) /lib/i386-linux-gnu/libm-2.19.so
cfi=(55) /build/buildd/eglibc-2.19/math/../sysdeps/i386/i686/fpu/multiarch/s_sinf.c
cfn=(216) sinf
calls=1 25 
* 25
cob=(4)
cfi=(54) /build/buildd/eglibc-2.19/math/../sysdeps/i386/i686/fpu/multiarch/s_sincosf.c
cfn=(214) sincosf
calls=1 25 
* 25
cob=(4)
cfi=(53) /build/buildd/eglibc-2.19/math/../sysdeps/i386/i686/fpu/multiarch/e_expf.c
cfn=(212) __ieee754_expf
calls=1 25 
* 25
cob=(4)
cfi=(49) /build/buildd/eglibc-2.19/math/../sysdeps/i386/i686/fpu/multiarch/s_cosf.c
cfn=(194) cosf
calls=1 25 
* 1201
cob=(3) /lib/i386-linux-gnu/libc-2.19.so
cfi=(47) /build/buildd/eglibc-2.19/wcsmbs/../sysdeps/i386/i686/multiarch/wcslen.S
cfn=(186) wcslen
calls=1 28 
* 13
cob=(3)
cfi=(46) /build/buildd/eglibc-2.19/string/../sysdeps/i386/i686/multiarch/memrchr.S
cfn=(184) memrchr
calls=1 36 
* 14
cob=(3)
cfi=(45) /build/buildd/eglibc-2.19/string/../sysdeps/i386/i686/multiarch/strncase.S
cfn=(182) strncasecmp
calls=1 27 
* 15
cob=(3)
cfi=(42) /build/buildd/eglibc-2.19/string/../sysdeps/i386/i686/multiarch/strnlen.S
cfn=(176) strnlen
calls=1 28 
* 88
+1 16
fe=(41)

fn=(188)
322 30
cfi=(3)
cfn=(4)
calls=5 130 
* 10
* 10
+1 10
+1 10
-1 10
+2 10
+3 10
+1 25
cfi=(48)
cfn=(190)
calls=5 81 
* 50
* 10
+6 25

fl=(52) /build/buildd/eglibc-2.19/elf/dl-runtime.c
fn=(206) _dl_fixup
66 182
+3 26
-3 26
cfi=(3)
cfn=(4)
calls=26 +64 
* 52
* 26
+3 52
+3 52
+1 260
+1 78
+5 26
-5 26
+5 26
+4 78
+4 78
+4 78
+1 78
+2 104
+7 78
-1 26
+11 364
cfi=(7)
cfn=(170)
calls=26 714 
* 22242
* 52
+4 78
+10 182
+16 104
+4 78
fi=(6)
274 52
fe=(52)
149 182
fi=(73) /build/buildd/eglibc-2.19/elf/../sysdeps/i386/dl-irel.h
32 3
cob=(3)
cfi=(106) /build/buildd/eglibc-2.19/string/../sysdeps/i386/i686/multiarch/memmove.S
cfn=(510) memmove
calls=1 -2 
* 15
cob=(3)
cfi=(103) /build/buildd/eglibc-2.19/string/../sysdeps/i386/i686/multiarch/memcpy.S
cfn=(488) memcpy
calls=1 -1 
* 15
cob=(3)
cfi=(74) /build/buildd/eglibc-2.19/string/../sysdeps/i386/i686/multiarch/memset.S
cfn=(346) memset
calls=1 -2 
* 15
* 6
fe=(52)

fl=(11) /build/buildd/eglibc-2.19/string/../sysdeps/i386/i686/multiarch/../../i586/strlen.S
fn=(22) strlen
43 19
+1 19
+2 19
+2 19
+1 8
+2 7
+1 7
+2 6
+1 6
+2 6
+2 6
+1 6
+2 6
+2 6
+1 6
+2 6
+1 6
+26 6
+1 6
+2 6
+1 6
+2 6
+1 6
-7 24
+1 24
+2 24
+1 24
+2 24
+1 24
+2 29
+2 29
+2 29
+3 29
+1 29
+2 29
+1 29
+2 29
+1 29
+2 27
+2 27
+2 27
+3 23
+1 23
+2 23
+1 23
+2 23
+1 23
+2 22
+2 22
+2 22
+3 21
+1 21
+2 21
+1 21
+2 21
+1 21
+2 14
+2 14
+2 14
+3 18
+1 18
+2 18
+1 18
+2 16
+1 16
+2 16
+2 10
+1 10
+2 10
+1 10
+2 2
+2 2
+3 2
-3 17
+3 17

fl=(96) /build/buildd/eglibc-2.19/elf/dl-open.c
fn=(462) _dl_find_dso_for_object
178 6
cfi=(3)
cfn=(4)
calls=1 -48 
* 2
* 2
+4 6
+1 4
+1 14
+1 2
-2 9
+5 3
+4 6

fl=(2)
fn=(94) do_preload
804 7
cfi=(3)
cfn=(4)
calls=1 130 
* 2
* 2
+6 1
+6 3
-5 1
+5 1
-10 1
+6 1
+2 1
+2 2
-2 1
+2 2
cfi=(29) /build/buildd/eglibc-2.19/elf/dl-error.c
cfn=(96) _dl_catch_error
calls=1 163 
* 2971
* 2
+1 3
+8 4
+6 6

fn=(144) version_check_doit
657 1
+2 1
-2 2
cfi=(3)
cfn=(4)
calls=1 130 
* 2
* 3
+2 3
cfi=(39) /build/buildd/eglibc-2.19/elf/dl-version.c
cfn=(146) _dl_check_all_versions
calls=1 380 
* 7418
* 2
+4 4

fn=(98) _dl_initial_error_catch_tsd
795 7
cfi=(22) /build/buildd/eglibc-2.19/elf/dl-load.c
cfn=(70) 0x000187a4
calls=7 1512 
* 14
* 7
+3 14

fn=(160) security_init
851 3
cfi=(3)
cfn=(4)
calls=1 130 
* 2
* 2
+2 1
fi=(40) /build/buildd/eglibc-2.19/elf/../sysdeps/unix/sysv/linux/dl-osinfo.h
61 2
+23 2
+2 1
+7 1
fe=(2)
855 1
+6 2
+2 1
fi=(40)
101 2
+11 1
fe=(2)
866 1
+2 1
+6 1
+1 4

fn=(102) map_doit
625 1
+2 1
-2 4
+2 7
cfi=(22)
cfn=(104) _dl_map_object
calls=1 2317 
* 2890
* 2
+2 3

fn=(2)
362 7
cfi=(3)
cfn=(4)
calls=1 130 
* 2
* 2
+18 2
fi=(4) /build/buildd/eglibc-2.19/elf/get-dynamic-info.h
44 1
+7 1
fe=(2)
380 1
fi=(6)
59 3
fi=(4)
-15 1
fe=(2)
409 1
-3 1
fi=(4)
44 1
+8 16
+10 4
-18 12
+8 13
+10 13
-18 39
+18 1
-18 3
+2 36
+5 20
+2 4
+16 2
+20 4
+1 4
+1 4
+1 4
+5 4
+2 4
+1 4
+1 4
+6 3
+3 2
+13 3
+1 3
+4 3
+2 3
+3 3
+1 3
fe=(2)
537 2
285 1
544 1
285 75
+12 2
cfi=(7)
cfn=(12) _dl_setup_hash
calls=1 859 
* 37
+1 2
+1 2
+1 2
+1 2
+21 2
+10 3
-10 1
+4 1
+6 2
cfi=(8) /build/buildd/eglibc-2.19/elf/../elf/dl-sysdep.c
cfn=(14) _dl_sysdep_start
calls=1 86 
* 133393
* 1
+9 1
+3 2
+4 1
-4 2
+4 1
569 7
fi=(4)
56 4
fe=(2)
542 39
fi=(5)
84 1
+27 1
-28 2
+28 2
+1 2
fi=(6)
639 2
fi=(5)
112 20
fi=(6)
639 20
fi=(5)
111 11
fi=(6)
640 11
fi=(5)
111 22
+5 3
+8 3
fi=(6)
409 2
fi=(5)
124 4
+15 2
fi=(6)
338 1
fi=(5)
139 1
-2 2
fi=(6)
308 1
fi=(5)
137 3
fi=(6)
338 2
+3 4
fi=(5)
139 16
fi=(6)
338 8
fi=(5)
139 8
-2 16
fi=(6)
308 8
fi=(5)
137 24
fi=(6)
338 16
+3 32
+6 54
fi=(4)
59 4
+2 3
fi=(5)
+63 28
fi=(6)
357 27
fe=(2)

fn=(26) dl_main
891 6
cfi=(3)
cfn=(4)
calls=1 130 
* 2
* 2
2488 1
-1 1
910 2
+3 2
+4 2
+1 2
+5 2
2485 1
+7 1
-7 1
+7 7
2650 2
2494 2
cfi=(13) /build/buildd/eglibc-2.19/elf/dl-environ.c
cfn=(28) _dl_next_ld_env_entry
calls=1 30 
* 104
* 4
cfi=(13)
cfn=(28)
calls=2 30 
* 349
* 9
+4 50
+1 19
-1 57
+3 4
+6 12
2660 3
+33 3
933 4
1132 7
cfi=(15) /build/buildd/eglibc-2.19/elf/dl-object.c
cfn=(32) _dl_new_object
calls=1 61 
* 284
* 1
+2 1
-2 1
+2 1
+1 1
+6 1
-6 1
+2 1
-2 1
+1 1
+1 1
-1 1
+1 1
+4 2
cfi=(15)
cfn=(48) _dl_add_to_namespace_list
calls=1 32 
* 47
+1 2
900 1
1163 1
+8 1
-3 1
+3 3
-8 1
+1 1
+2 1
+5 2
+56 1
-34 2
+21 1
897 1
1214 1
+13 4
-55 24
-1 27
+1 47
-1 3
1274 4
+3 2
+2 2
+2 3
+13 3
+1 9
cfi=(19)
cfn=(54)
calls=1 30 
* 9
* 3
+7 1
+3 1
-5 1
+3 1
+2 2
+1 2
+4 2
+2 3
fi=(4)
29 2
+9 2
+4 1
+2 1
+7 1
-7 2
+8 12
+10 3
-18 9
+8 20
+10 20
-18 60
+18 1
-18 3
+2 48
+5 16
+2 4
+16 4
+38 4
+7 3
+5 4
+4 4
+1 3
+12 4
+14 4
+18 4
fe=(2)
1317 2
cfi=(7)
cfn=(12)
calls=1 859 
* 37
+3 2
fi=(20) /build/buildd/eglibc-2.19/elf/setup-vdso.h
24 3
fe=(2)
1342 6
1176 3
+1 1
+90 2
+1 2
+1 1
-6 2
+1 1
-37 8
-1 6
+2 4
+1 1
+3 2
+1 2
-1 2
+1 2
+1 2
+1 6
+1 2
-43 1
-2 2
+27 1
-25 1
+7 1
-10 1
+10 2
-19 3
+1 1
fi=(4)
56 4
+3 4
+2 3
fe=(2)
2583 5
cfi=(14)
cfn=(30)
calls=1 46 
* 35
* 2
+2 3
-55 5
cfi=(14)
cfn=(30)
calls=1 46 
* 30
* 2
+7 5
cfi=(14)
cfn=(30)
calls=1 46 
* 36
* 2
+2 3
fi=(4)
114 2
fe=(2)
1347 2
cfi=(22)
cfn=(64) _dl_init_paths
calls=1 714 
* 4582
+3 3
cfi=(28) /build/buildd/eglibc-2.19/elf/dl-debug.c
cfn=(90) _dl_debug_initialize
calls=1 47 
* 22
* 1
+2 1
+5 3
+3 3
+1 1
+1 1
+2 1
-3 3
+1 2
+3 2
+5 1
-7 1
+7 1
+1 6
+4 1
+2 1
+2 1
-2 1
+8 2
-7 1
+7 1
-6 1
+5 2
+1 6
+2 2
+1 2
+5 3
+5 3
906 1
1579 4
+3 2
+4 3
+5 2
+1 1
cfi=(28)
cfn=(92) _dl_debug_state
calls=1 74 
* 1
+5 3
+15 4
+4 3
+31 5
cfi=(24)
cfn=(68)
calls=1 81 
* 16
* 2
+77 4
+17 1
+1 2
-1 2
+1 9
cfi=(34) /build/buildd/eglibc-2.19/elf/dl-deps.c
cfn=(124) _dl_map_object_deps
calls=1 147 
* 16837
* 1
+1 1
+5 1
-3 4
+3 5
+1 3
-1 2
+1 12
-1 8
+4 3
+1 3
+1 1
+2 2
+1 5
-1 2
+1 9
-1 9
-28 4
+1 1
-1 3
+4 2
+1 1
+1 2
+1 2
1521 1
1770 1
-1 1
+1 1
-1 1
+1 1
+2 1
+2 3
+2 1
-4 1
+5 1
-1 2
+14 2
+1 2
+1 3
+11 5
+1 1
+1 1
-1 1
+1 5
cfi=(29)
cfn=(142) _dl_receive_error
calls=1 205 
* 7475
+11 1
-1 1
+1 1
-1 1
+1 1
+1 1
cfn=(152) init_tls
calls=1 717 
* 776
* 1
+2 3
+3 1
cfn=(160)
calls=1 851 
* 28
+2 3
2054 4
+56 2
+4 1
-4 1
+11 1
-11 1
+4 3
+4 2
+3 1
+8 3
+46 5
+7 1
+2 2
+1 1
-1 1
+1 2
+1 5
+2 15
+5 10
+2 10
+6 5
+2 10
+1 44
cfi=(41)
cfn=(164)
calls=4 154 
* 88932
+4 27
-22 19
+25 1
+2 3
+6 1
-6 1
+6 2
+5 5
+1 1
+5 2
cfi=(38) /build/buildd/eglibc-2.19/elf/dl-tls.c
cfn=(218) _dl_allocate_tls_init
calls=1 376 
* 144
+4 2
+14 3
+2 3
+29 1
cfi=(8)
cfn=(220) _dl_sysdep_start_cleanup
calls=1 256 
* 1
+4 3
+20 3
cfi=(28)
cfn=(90)
calls=1 47 
* 15
+1 1
+1 1
cfi=(28)
cfn=(92)
calls=1 74 
* 1
+5 1
cfi=(36)
cfn=(222)
calls=1 308 
* 27
+5 6
2209 2
cfi=(38)
cfn=(192) _dl_add_to_slotinfo
calls=1 831 
* 29
* 1
-12 1
+1 1
-3 2
+55 2
+15 3
+2 1
+1 8
cfi=(41)
cfn=(164)
calls=1 154 
* 7436
+1 1
+2 5
2062 1
899 2
1767 2
1623 2
cfi=(11)
cfn=(22)
calls=1 43 
* 123
* 10
cfi=(18)
cfn=(46)
calls=1 40 
* 32
* 1
+3 5
-12 1
+19 2
-4 4
cfi=(17) /build/buildd/eglibc-2.19/elf/dl-minimal.c
cfn=(80) strsep
calls=1 335 
* 889
* 4
cfi=(17)
cfn=(80)
calls=1 335 
* 26
* 6
+1 2
+1 3
+2 4
cfn=(94)
calls=1 804 
* 3011
* 2
1336 4
+6 1
cfi=(9) /build/buildd/eglibc-2.19/elf/../sysdeps/unix/sysv/linux/dl-sysdep.c
cfn=(60) _dl_discover_osversion
calls=1 45 
* 99
* 2
1635 1
+1 2
+1 3

fn=(50) rtld_lock_default_lock_recursive
837 5
+1 10

fn=(52) rtld_lock_default_unlock_recursive
843 5
+1 10

fn=(152)
717 1
+7 1
-7 3
cfi=(3)
cfn=(4)
calls=1 130 
* 2
* 2
+2 1
+4 1
-4 1
+4 1
+10 4
cfi=(17)
cfn=(36) calloc
calls=1 102 
* 73
* 1
-4 1
+15 1
-12 1
+6 1
-9 1
+11 1
+4 1
+2 1
-1 1
+1 12
+2 10
+4 1
+2 1
-7 10
+9 2
+3 1
cfi=(38)
cfn=(154) _dl_determine_tlsoffset
calls=1 112 
* 86
+7 1
cfi=(38)
cfn=(156) _dl_allocate_tls_storage
calls=1 328 
* 521
+1 1
-1 1
+1 1
+6 1
+8 1
-8 1
+8 17
+4 1
+2 2
+1 5

fl=(8)
fn=(220)
256 1

fn=(14)
86 7
cfi=(3)
cfn=(4)
calls=1 +44 
* 2
* 1
+25 1
-1 1
+1 286
+6 1
-3 1
-3 1
+3 1
+3 1
-2 1
+2 5
-10 1
-20 20
+1 2
+30 108
-1 84
+95 18
fi=(9)
35 2
cfi=(10) /build/buildd/eglibc-2.19/elf/../sysdeps/unix/sysv/linux/i386/brk.c
cfn=(18) brk
calls=1 -2 
* 17
fi=(6)
264 5
fe=(8)
-30 2
cfi=(12) /build/buildd/eglibc-2.19/elf/../misc/sbrk.c
cfn=(24) sbrk
calls=1 34 
* 23
* 3
+12 3
+3 7
cfi=(2)
cfn=(26)
calls=1 891 
* 132723
+1 1
+1 6
-72 2
+1 1
-29 2
+1 1
+11 2
+1 1
-7 4
+1 1
-4 1
+1 1
-25 2
+1 1
-4 2
+1 1
-7 1
+1 1
+2 1
+1 1
232 2
cfi=(11)
cfn=(22)
calls=1 43 
* 29
* 2

fl=(19)
fn=(54)
30 495
+1 495
+2 495
+1 495
+1 495
-2 1860
+1 1860
+1 1860
+1 2048
+1 2048
+1 2048
+1 2048
+2 188
+3 188
+2 307
+1 307
+1 307
+2 307

fl=(32) /build/buildd/eglibc-2.19/io/../sysdeps/unix/sysv/linux/fxstat64.c
fn=(116) __fxstat64
33 4
+2 4
-2 4
cfi=(3)
cfn=(4)
calls=4 +97 
* 8
* 4
+2 28
+6 8

fl=(31)
fn=(134)
45 7
cfi=(3)
cfn=(4)
calls=1 +85 
* 2
* 2
+7 3
cfi=(24)
cfn=(110) open
calls=1 +29 
* 10
+1 1
-1 1
+1 1
+2 5
cfi=(32)
cfn=(116)
calls=1 -22 
* 15
* 2
+2 1
+3 1
-3 1
+3 1
+13 2
cfi=(24)
cfn=(122) close
calls=1 +8 
* 8
+3 7
-14 7
cfi=(26) /build/buildd/eglibc-2.19/misc/../sysdeps/unix/sysv/linux/i386/mmap.S
cfn=(74) mmap
calls=1 -33 
* 23
* 2

fn=(106) _dl_name_match_p
288 882
cfi=(3)
cfn=(4)
calls=147 130 
* 294
* 294
+1 588
cfi=(19)
cfn=(54)
calls=147 30 
* 1330
* 294
+3 147
+2 294
+4 147
-4 294
+1 620
cfi=(19)
cfn=(54)
calls=155 30 
* 2832
* 310
+6 8
-11 8
+11 171
-1 139
+1 556

fl=(27) /build/buildd/eglibc-2.19/string/../sysdeps/i386/i686/multiarch/../../i586/strchr.S
fn=(76) index
45 11
+2 11
+3 11
+2 11
+3 11
+1 11
+2 11
+2 11
+6 11
+1 11
+2 11
+1 11
+2 11
+1 11
+2 11
+2 6
+1 6
+2 6
+1 6
+2 6
+1 6
+2 6
+1 6
+2 6
+1 6
+2 6
+1 6
+2 6
+1 6
+2 6
+2 5
+2 5
+1 5
+2 5
+1 5
+2 5
+10 5
+1 5
+2 5
+1 5
+25 5
+1 5
+2 5
+1 5
-33 6
+1 6
+2 6
+1 6
+25 6
+1 6
+2 6
+1 6
-4 2
+1 2
+2 2
+1 2
+2 13
+1 13
+2 13
+1 13
+2 13
+1 13
+2 13
+1 13
+2 13
+1 13
+2 13
+1 13
+2 13
+1 13
+2 13
+1 13
+2 12
+1 12
+2 12
+1 12
+2 12
+1 12
+2 12
+1 12
+2 8
+1 8
+2 8
+1 8
+2 8
+1 8
+2 8
+1 8
+2 8
+1 8
+2 8
+1 8
+2 8
+1 8
+2 8
+1 8
+2 7
+1 7
+2 7
+1 7
+2 5
+1 5
+2 5
+1 5
+2 5
+1 5
+2 5
+1 5
+2 5
+1 5
+2 5
+1 5
+2 5
+1 5
+2 5
+1 5
+2 3
+1 3
+2 3
+1 3
+2 2
+1 2
+2 2
+1 2
+2 2
+1 2
+2 2
+1 2
+2 2
+1 2
+2 2
+2 2
+4 1
+1 1
+2 1
+15 11
+3 11
+4 11
+3 11
+4 11
+9 10
+1 10
+2 10
+2 10
+1 10
+2 10
+2 10
+1 10
+2 10
+1 10
+2 8
+1 8
+2 8
+1 8
+2 8
+1 8
+2 1
+3 1
+1 1
+2 10
+1 10

fl=(30) /build/buildd/eglibc-2.19/setjmp/../sysdeps/i386/setjmp.S
fn=(100) __sigsetjmp
30 6
+3 6
+1 6
+1 6
+1 6
+4 6
+1 6
+5 6
+1 6
+4 6
+1 6

fl=(12)
fn=(24)
34 4
cfi=(3)
cfn=(4)
calls=1 +96 
* 2
* 3
+8 6
+4 2
+11 6

fl=(10)
fn=(18)
33 3
cfi=(3)
cfn=(4)
calls=1 +97 
* 2
* 1
+4 5
+2 1
+8 1
-6 2
+7 2

fl=(15)
fn=(32)
61 20
cfi=(3)
cfn=(4)
calls=4 +69 
* 8
* 8
+1 4
-1 16
+1 4
cfi=(11)
cfn=(22)
calls=4 -19 
* 223
+6 4
-6 8
+6 4
-6 4
+6 4
+7 24
cfi=(17)
cfn=(36)
calls=4 +27 
* 298
* 4
+3 4
-3 4
+3 4
+4 4
-1 4
+1 8
+4 8
+1 32
cfi=(18)
cfn=(46)
calls=4 -47 
* 106
* 4
+2 4
-2 4
+10 16
+1 4
-1 4
+1 16
+3 4
-3 4
+3 4
+6 4
-4 4
+4 4
+3 13
+2 1
-2 3
+2 15
-2 45
+12 4
+4 4
-4 4
+6 4
-5 4
+5 12
+2 9
+3 9
+4 12
+4 6
+2 1
+6 1
+3 2
+3 6
-3 6
+3 18
+2 9
cfi=(11)
cfn=(22)
calls=3 43 
* 282
+4 3
-4 9
+4 12
+64 6
+4 24
68 40
+73 9
-39 10
+39 2
+70 18
cfi=(25) /build/buildd/eglibc-2.19/string/../sysdeps/i386/i686/multiarch/../mempcpy.S
cfn=(72) mempcpy
calls=3 40 
* 70
* 3
+5 48
+1 48
-1 48
+1 51
-1 3
+1 9
+5 6
-57 6
cfi=(17)
cfn=(40) malloc
calls=3 -72 
* 147
* 3
+1 3
-1 3
+1 9

fn=(48)
32 24
cfi=(3)
cfn=(4)
calls=4 +98 
* 8
* 12
+2 12
cfi=(2)
cfn=(50)
calls=4 837 
* 12
+2 25
+4 6
-1 27
+2 3
+2 3
+5 3
-1 3
+1 3
-1 3
+1 3
+1 3
-1 3
+1 9
+2 6
cfi=(2)
cfn=(52)
calls=3 843 
* 9
-3 1
-1 1
+1 1
-1 1
+1 1
+1 1
-1 1
+1 3
+2 2
cfi=(2)
cfn=(52)
calls=1 843 
* 3
+1 24
-6 2

fl=(13)
fn=(28)
30 3
+3 9
+2 138
+11 67
-13 201
-2 1
+19 6
-14 20
+5 2
-3 2
+3 2
+2 2

fl=(39)
fn=(146)
380 7
cfi=(3)
cfn=(4)
calls=1 130 
* 2
* 1
+4 1
-4 1
+4 2
-2 2
+4 35
cfn=(148) _dl_check_map_versions
calls=5 174 
* 7325
-2 5
+2 15
-1 5
-1 10
+5 7

fn=(148)
174 40
+15 10
-15 5
cfi=(3)
cfn=(4)
calls=5 -44 
* 10
* 10
+15 10
+2 10
+2 20
+1 10
+2 5
-2 5
+2 5
+3 6
+4 3
-4 3
+4 9
+34 3
-34 6
+34 6
-17 6
56 3
220 3
56 15
220 4
56 2
220 2
56 10
+1 16
-1 32
+2 63
cfi=(31)
cfn=(106)
calls=21 288 
* 1564
* 47
228 15
+5 20
+19 9
-15 294
cfn=(150) match_symbol
calls=7 76 
* 1414
* 56
cfn=(150)
calls=7 76 
* 1361
* 28
+7 14
-7 14
+7 56
+3 42
+9 20
+5 2
+1 2
-79 2
-8 2
+95 15
+3 12
+3 18
+3 12
+4 3
-7 12
+3 9
+4 40
-7 160
+3 123
+8 3
+86 3
-86 8
+86 2
-86 4
+87 6
-81 28
cfi=(17)
cfn=(36)
calls=4 102 
* 331
* 4
* 4
-1 4
+2 4
-2 4
+2 4
+8 4
+3 16
+2 12
+3 15
+4 20
+18 9
-15 9
+2 36
-2 5
+2 20
+2 28
+1 14
-1 14
+1 28
+1 14
-2 14
+3 14
-1 28
+1 42
+3 47
+8 15
+5 2
+1 5
+4 12
+3 18
+20 43
-14 43
-2 43
+2 46
-2 3
+2 3
+4 43
+1 215
+1 43
+1 43
-1 86
+4 138
+9 4
+1 24

fn=(150)
76 98
cfi=(3)
cfn=(4)
calls=14 +54 
* 28
* 42
+1 28
+8 14
-8 14
+8 14
+6 56
+15 14
+1 28
+2 28
+5 28
+14 272
+12 366
+4 122
-30 244
+19 112
cfi=(19)
cfn=(54)
calls=14 30 
* 1141
* 42
+35 84

fl=(24)
fn=(110)
81 189
+1 21
cfi=(22)
cfn=(70)
calls=17 1512 
* 34
* 85

fn=(68)
81 32
+1 4
cfi=(22)
cfn=(70)
calls=4 1512 
* 8
* 20

fn=(122)
81 28
+1 4

fn=(112) read
81 27
+1 3

fl=(26)
fn=(74)
29 11
+2 11
+2 11
+2 11
+3 11
+2 11
+1 11
+1 11
+2 11
+2 11
+2 11
+1 11
+1 11
+1 11
+2 11
+3 11
+3 11
+3 11
+3 11
+3 11
+5 11
+1 11
+3 11

fl=(34)
fn=(126) openaux
60 30
+7 5
-3 5
-1 5
+1 5
-1 55
cfi=(22)
cfn=(104)
calls=5 2317 
* 13684
* 10
+5 25

fn=(124)
147 8
+1 5
-1 1
+14 1
-13 3
+14 2
+6 1
-21 1
cfi=(3)
cfn=(4)
calls=1 -17 
* 2
* 1
+13 1
+1 1
+7 2
+10 1
-30 1
+20 1
+10 5
+1 3
-19 1
+2 2
+6 1
-7 1
+7 3
+10 2
-10 1
+10 4
-16 3
+20 3
+19 1
+2 1
+1 2
-3 1
343 1
189 1
-1 1
343 1
213 1
-4 1
+4 1
+4 4
-4 4
-4 4
+4 4
+4 16
+12 20
+2 6
+6 3
-6 6
+5 3
+1 3
+1 6
+1 6
+3 15
-32 3
+32 6
+50 15
+1 12
-51 312
+1 156
+6 25
cfi=(27)
cfn=(76)
calls=5 45 
* 481
* 10
+2 5
+3 40
cfi=(29)
cfn=(96)
calls=5 -91 
* 14139
+2 5
-2 5
+2 10
+15 5
+2 10
+11 3
-6 6
+10 3
-10 3
+3 3
+1 3
+1 3
+5 3
-4 3
+2 3
+2 9
-2 9
-57 12
-19 2
471 15
+2 9
+3 3
-1 6
cfi=(17)
cfn=(40)
calls=3 93 
* 147
* 3
+2 3
-2 3
+2 3
+3 3
+1 3
-1 3
+1 21
cfi=(18)
cfn=(46)
calls=3 40 
* 84
+1 18
cfi=(18)
cfn=(46)
calls=3 40 
* 84
+3 3
+1 3
-1 3
+5 30
+3 12
-1 5
+1 10
202 22
+15 15
+1 25
+2 3
+2 9
+2 30
497 6
+1 2
+3 5
+11 2
-1 2
cfi=(17)
cfn=(40)
calls=1 93 
* 49
* 1
+3 1
-3 1
+3 1
+5 1
+3 1
-3 1
+3 1
-3 3
+1 1
+4 20
+4 20
-6 5
+10 5
-10 10
+13 3
+51 6
+2 4
+42 9
+1 4
cfi=(33) /build/buildd/eglibc-2.19/string/../sysdeps/i386/i686/multiarch/../memset.S
cfn=(118) memset
calls=1 48 
* 23
* 4
-2 7
+6 2
+1 5
+6 1
-6 2
+6 2
-13 9
+6 6
+1 15
+6 3
-6 6
+6 15
+2 6
+1 6
-1 6
+1 9
+3 21
-1 30
+23 12
-28 12
+31 16
+3 30
cfi=(33)
cfn=(118)
calls=3 48 
* 73
* 12
-18 1
+25 3
+2 1
+1 1
+1 1
-2 1
+2 2
+7 3
+3 3
+3 6
295 219
623 9
cfi=(18)
cfn=(46)
calls=1 40 
* 31
+2 1
-38 1
+38 2

fl=(14)
fn=(30)
46 16
+2 16
+1 16
+1 16
+2 16
+1 16
+18 16
+2 16
+2 16
+2 16
+1 32
cfi=(3)
cfn=(4)
calls=16 +52 
* 32
* 32
+3 16
+1 16
+1 16
+14 1
+1 1
+1 1
+1 1
+2 6
+1 6
+1 6
+1 6
+2 7
+1 7
+1 7
+1 7
+2 7
+1 7
+1 7
+1 7
+2 7
+1 7
+1 7
+1 7
+2 7
+3 7
+1 14
256 1
+1 1
+1 1
+1 1
+2 6
+1 6
+1 6
+1 6
+2 5
+1 5
+1 5
+1 5
+1 5
+1 5
+1 5
+1 5
+1 5
+1 5
+3 5
+1 10
+70 4
+1 4
+11 4
+1 4
+1 4
+3 8

fl=(23) /build/buildd/eglibc-2.19/elf/dl-hwcaps.c
fn=(66) _dl_important_hwcaps
39 7
cfi=(3)
cfn=(4)
calls=1 +91 
* 2
* 5
+2 5
+1 1
-1 1
+1 1
+9 1
-9 3
+9 8
+1 7
-1 1
+1 1
+1 1
-2 1
+2 1
-2 6
+1 182
-1 26
+1 26
+1 26
-2 26
+2 26
-2 480
+10 4
+31 2
+23 5
cfi=(24)
cfn=(68)
calls=1 -34 
* 16
* 3
-2 3
+17 5
+3 1
-3 1
+3 1
+29 3
+3 2
-3 1
+3 4
-2 270
+2 16
+1 4
cfi=(11)
cfn=(22)
calls=2 43 
* 50
+1 2
-1 4
+1 10
+1 2
-1 12
-5 112
+8 2
+2 3
+1 6
+4 1
+4 1
-4 2
+1 1
+3 1
+3 1
+1 1
-1 1
+4 2
+1 1
-1 6
+1 1
+2 1
+1 6
+1 2
-1 3
+1 2
-1 3
+2 2
+1 2
+2 2
-1 1
+1 1
-1 2
+5 4
+6 6
+1 3
-1 1
+1 1
cfi=(17)
cfn=(40)
calls=1 93 
* 49
* 1
+1 1
-1 1
+1 1
+29 3
+3 1
-3 2
+3 2
+7 12
+6 1
-3 1
+3 1
-3 1
+3 4
cfi=(25)
cfn=(72)
calls=1 40 
* 16
* 3
-3 3
+3 3
-3 3
+3 12
cfi=(25)
cfn=(72)
calls=3 40 
* 48
+3 4
-3 4
+3 4
-3 8
+3 20
+1 40
+1 36
cfi=(25)
cfn=(72)
calls=4 40 
* 60
* 12
-2 4
+2 4
-2 4
+5 32
cfi=(25)
cfn=(72)
calls=4 40 
* 60
+2 4
-2 8
+2 8
+5 10
+1 2
-1 2
+1 30
-1 33
+8 1
-3 3
+3 1
-3 1
+3 6
-3 9
+3 3
-3 3
+3 13
+1 96
+1 32
-1 32
+1 64
-2 32
+1 64
-1 96
+4 8
+3 1
+2 2
-2 1
+1 1
+1 1
-1 1
+1 2
-1 1
+1 2
+3 3
+3 3
-3 6
-3 6
+2 30
+3 3
+1 3
-1 3
-5 15
+13 1
+1 1
-1 2
+3 2
-3 7
+1 7
-1 14
+3 14
+3 4
+3 1
-1 1
+1 5
145 2
-14 2

fl=(29)
fn=(96)
163 18
cfi=(3)
cfn=(4)
calls=6 -33 
* 12
* 12
+12 12
+3 6
-2 12
+1 12
+1 6
+2 6
cfi=(2)
cfn=(98)
calls=6 795 
* 36
+1 6
-1 12
+2 12
+3 18
-4 6
+4 6
cfi=(30)
cfn=(100)
calls=6 30 
* 66
* 18
+2 18
cfi=(34)
cfn=(126)
calls=5 60 
* 13824
cfi=(2)
cfn=(102)
calls=1 625 
* 2908
+1 12
+3 6
-3 6
+1 12
+1 12
+1 6
+8 30

fn=(142)
205 7
cfi=(3)
cfn=(4)
calls=1 -75 
* 2
* 3
+1 1
cfi=(2)
cfn=(98)
calls=1 795 
* 6
+11 1
-7 1
-4 1
+5 1
+3 1
+1 1
-5 1
+1 1
+6 2
cfi=(2)
cfn=(144)
calls=1 657 
* 7436
+2 1
+1 1
-1 1
+1 1
+1 6

fl=(38)
fn=(140) _dl_next_tls_modid
50 5
cfi=(3)
cfn=(4)
calls=1 +80 
* 2
* 2
+3 3
+48 2
+4 6

fn=(158) allocate_dtv
288 5
cfi=(3)
cfn=(4)
calls=1 130 
* 2
* 2
+8 1
-1 2
+1 3
cfi=(17)
cfn=(36)
calls=1 102 
* 73
* 1
+1 2
+9 1
-6 1
+6 1
+6 6

fn=(218)
376 6
cfi=(3)
cfn=(4)
calls=1 130 
* 2
* 1
+1 1
-1 1
+1 1
+4 2
+3 1
-1 1
-2 1
+8 3
+5 8
+6 6
+22 2
+1 5
+2 2
+1 3
+8 3
+1 1
+1 5
cfi=(25)
cfn=(72)
calls=1 40 
* 16
* 6
cfi=(33)
cfn=(118)
calls=1 48 
* 36
-42 7
+6 2
+3 1
+1 2
+6 5
+3 2
-1 2
+38 3
+2 1
+1 6

fn=(192)
831 6
cfi=(3)
cfn=(4)
calls=1 130 
* 2
* 2
+6 2
+3 2
+5 3
+41 3
+1 3
+1 6

fn=(154)
112 5
cfi=(3)
cfn=(4)
calls=1 +18 
* 2
* 2
+6 3
+3 3
+36 1
-34 2
+34 2
+2 4
-2 1
-2 1
-40 1
-1 1
-1 2
+44 6
+5 1
-1 1
+5 1
-4 1
-1 2
+3 1
-3 1
+7 1
-4 3
+2 6
+16 5
+2 1
-2 1
+2 1
+1 1
-1 2
+10 1
-12 2
+15 9
+1 1
+51 2
+1 6

fn=(156)
328 5
cfi=(3)
cfn=(4)
calls=1 130 
* 2
* 2
+2 1
+11 4
cfi=(17)
cfn=(44) __libc_memalign
calls=1 51 
* 74
* 1
+1 1
-1 1
+1 1
+7 1
+4 318
+11 2
cfn=(158)
calls=1 -76 
* 100
+1 2
+5 6

fl=(18)
fn=(46)
40 20
+1 20
+1 20
+1 20
+2 20
+1 20
+1 20
+1 20
+1 20
+1 20
+2 15
+1 15
+2 15
+1 15
+11 15
+1 15
+1 15
+1 15
+1 70
+2 15
+1 27
+2 15
+2 15
+1 15
+1 15
+2 15
-4 5
+1 5
+1 5
+2 5
+6 5
+1 5
+1 1
+1 1
+1 1
-1 4
+1 4
+1 4
+1 27
+2 5

fl=(28)
fn=(90)
47 15
cfi=(3)
cfn=(4)
calls=5 +83 
* 10
* 5
+3 10
+5 8
+5 1
-1 1
+1 2
+1 2
+4 10
-14 5
+4 10
+4 1
-1 1
-58 1

fn=(92)
74 2

fl=(35) /build/buildd/eglibc-2.19/io/../sysdeps/unix/sysv/linux/xstat64.c
fn=(130) __xstat64
33 16
+2 16
-2 16
cfi=(3)
cfn=(4)
calls=16 +97 
* 32
* 16
+2 112
+6 2
-6 45
+6 30

fl=(21) /build/buildd/eglibc-2.19/posix/../sysdeps/unix/syscall-template.S
fn=(62) uname
81 7
+1 1

fl=(22)
fn=(82) expand_dynamic_string_token
415 14
cfi=(3)
cfn=(4)
calls=2 130 
* 4
* 6
+10 4
-10 2
+10 2
cfi=(27)
cfn=(76)
calls=2 45 
* 366
* 4
+15 2
-11 2
+11 8
-11 2
cfn=(84) local_strdup
calls=2 160 
* 389

fn=(104)
2317 42
+7 6
-7 6
cfi=(3)
cfn=(4)
calls=6 130 
* 12
* 12
+7 12
+1 18
+3 48
+12 30
-12 45
+5 54
+1 36
+2 54
cfi=(31)
cfn=(106)
calls=18 288 
* 1363
* 39
2607 18
2362 6
+10 18
+26 6
-2 3
+2 3
cfi=(27)
cfn=(76)
calls=3 45 
* 229
* 6
2538 8
cfn=(82)
calls=1 415 
* 517
+1 1
-3 1
+3 2
+4 7
cfn=(108) open_verify
calls=1 1873 
* 318
+3 1
-3 1
+3 1
+12 12
+2 3
-2 3
+2 3
+44 6
+1 48
cfn=(114) _dl_map_object_from_fd
calls=3 923 
* 5186
+2 18
2402 4
cfi=(11)
cfn=(22)
calls=2 43 
* 96
* 2
+2 2
-2 2
+2 2
+7 12
+35 4
+1 38
cfn=(128) open_path
calls=2 2168 
* 3096
* 6
+6 14
+1 4
691 6
2530 4
-95 4
+21 2
+6 8
+2 6
+4 4
cfi=(36)
cfn=(132)
calls=2 182 
* 3595
+2 2
-2 2
+2 2
+4 8
+8 4
+22 26
cfn=(108)
calls=2 1873 
* 746
+3 6
+2 4
cfn=(84)
calls=2 160 
* 391
+1 4
-1 2
+1 2
-74 16
691 2
2437 2
691 4
2415 4
+1 2
-1 8
+5 6
691 2
2421 2
691 4
2341 45
+3 6
+1 12
+1 18
cfi=(19)
cfn=(54)
calls=6 30 
* 117
* 12

fn=(128)
2168 14
+1 2
-1 2
cfi=(3)
cfn=(4)
calls=2 130 
* 4
* 4
+1 2
+6 2
-6 2
+6 2
+5 6
-7 2
-1 2
+8 20
1633 6
2192 6
+7 14
cfi=(25)
cfn=(72)
calls=2 40 
* 38
* 2
+1 6
+14 2
-14 2
-13 2
+27 4
+6 32
-20 123
+3 64
+4 153
cfi=(25)
cfn=(72)
calls=17 40 
* 286
* 102
cfi=(25)
cfn=(72)
calls=17 40 
* 289
+3 34
+3 51
+3 170
cfn=(108)
calls=17 1873 
* 816
* 17
+2 51
+26 4
+2 2
-46 4
+85 12
+5 2
+2 2
-2 2
+2 8
+3 6
-13 2
+27 12
-84 48
+1 96
+6 96
+2 80
cfi=(35)
cfn=(130)
calls=16 33 
* 285
* 32
+1 4
+2 30
+7 32
-5 3

fn=(64)
714 7
cfi=(3)
cfn=(4)
calls=1 130 
* 2
* 2
+13 6
cfi=(23)
cfn=(66)
calls=1 39 
* 2618
* 1
+5 1
-5 1
+5 1
cfi=(17)
cfn=(40)
calls=1 93 
* 49
* 1
+1 1
-1 1
-1 1
+2 1
+8 1
-1 1
+1 2
-1 2
+5 4
cfi=(17)
cfn=(40)
calls=1 93 
* 88
* 1
-1 1
+3 1
-3 1
+3 2
+15 1
+14 4
-7 1
-7 2
+2 3
+3 7
+2 1
-16 1
+1 1
+11 1
+4 1
-1 1
+1 1
+4 24
+1 4
-1 12
+1 60
-1 184
+3 12
-14 3
+2 3
+12 3
-14 6
+2 3
+4 3
-3 3
+2 6
+1 6
+1 15
+3 9
-10 6
+7 6
+18 1
-11 1
+7 2
-1 1
+6 1
-5 1
+5 1
+2 4
+2 3
+38 4
+8 3
cfi=(27)
cfn=(76)
calls=1 45 
* 110
* 2
+2 2
cfi=(11)
cfn=(22)
calls=1 43 
* 53
* 10
cfi=(18)
cfn=(46)
calls=1 40 
* 32
* 1
+17 3
-1 3
+3 1
+1 2
+1 1
-4 3
+2 13
+1 26
+1 13
-4 40
+8 2
cfi=(17)
cfn=(40)
calls=1 93 
* 49
* 1
+1 1
-2 1
+2 1
+6 11
cfn=(78) fillin_rpath
calls=1 486 
* 972
+4 4
+6 1
+4 6
-75 1
-2 1
+2 2
+14 2

fn=(78)
486 6
cfi=(3)
cfn=(4)
calls=1 130 
* 2
* 6
+2 3
+3 5
cfi=(17)
cfn=(80)
calls=1 335 
* 300
* 5
cfi=(17)
cfn=(80)
calls=1 335 
* 26
* 4
+4 4
cfn=(82)
calls=1 -80 
* 288
+2 1
-2 1
+2 1
cfi=(11)
cfn=(22)
calls=1 43 
* 50
+7 2
-3 1
-4 1
+4 1
+7 6
+8 3
+7 20
+1 8
+57 2
cfi=(17)
cfn=(88) free
calls=1 119 
* 14
* 1
* 3
-39 3
+4 3
+1 3
-1 1
+1 1
-2 2
cfi=(17)
cfn=(40)
calls=1 93 
* 49
* 1
+3 2
-3 1
+3 1
+5 1
-1 2
+2 5
cfi=(25)
cfn=(72)
calls=1 40 
* 19
+1 1
+2 1
-3 1
+1 1
+2 1
+6 4
+1 1
-1 1
+1 5
+1 1
-1 3
+1 15
-1 46
+4 1
-1 1
+1 1
-1 1
+1 1
+7 1
+4 1
-3 1
-1 1
+4 5
-71 2
+5 4
+29 2
+43 3
+3 6
-15 2

fn=(114)
923 21
cfi=(3)
cfn=(4)
calls=3 130 
* 6
* 9
+11 3
-11 3
+11 6
cfi=(28)
cfn=(90)
calls=3 47 
* 45
* 3
+4 15
cfi=(32)
cfn=(116)
calls=3 33 
* 45
* 6
+11 21
+1 21
-1 27
+1 72
+17 9
+25 6
+10 6
+22 12
+32 6
935 3
1059 30
cfi=(15)
cfn=(32)
calls=3 61 
* 1659
* 3
+1 3
-1 3
+1 3
+11 9
+1 9
+1 6
+2 9
+1 3
-1 3
-2 3
+3 15
+1 9
+24 30
+8 15
+97 3
1103 3
-1 3
-10 3
1206 6
-96 45
-1 156
+1 160
+6 6
+1 9
+1 3
+3 4
+1 2
+5 42
+6 6
+1 6
-1 36
+8 24
+1 6
-1 12
+1 6
-1 6
+1 36
+1 18
+2 6
-2 6
+3 6
-2 6
+2 6
-2 6
+3 12
+4 6
-5 6
+1 6
+4 6
+1 18
+5 21
-16 6
+26 3
-10 21
-16 6
+26 3
+3 3
+4 1
+1 1
+1 1
-1 1
+1 1
+4 2
+3 2
+4 4
+6 1
cfi=(38)
cfn=(140)
calls=1 50 
* 20
* 1
+1 1
+60 6
+1 6
+1 3
-6 6
+1 3
-72 4
+80 18
+13 12
+2 3
-2 3
+2 3
+19 30
-5 3
+5 6
cfi=(26)
cfn=(74)
calls=3 29 
* 69
+4 3
-4 3
+4 3
+7 3
+1 3
-1 3
+1 3
+2 3
-3 3
+1 3
+2 3
+10 3
+2 6
+33 24
+1 9
+2 18
+8 30
+6 3
+1 3
-1 3
+1 3
+1 6
+1 6
-1 12
+8 6
+3 6
+11 24
cfi=(33)
cfn=(118)
calls=3 48 
* 156
+1 15
+5 6
+15 6
-74 36
+2 15
+2 39
cfi=(26)
cfn=(74)
calls=3 29 
* 69
* 6
+74 12
+9 6
fi=(4)
38 3
fe=(22)
1427 6
fi=(4)
38 3
+6 3
-2 3
+2 6
+25 9
+20 13
+1 15
+1 15
+1 15
+2 9
+3 15
+2 15
+1 13
+1 15
+6 9
+7 9
+5 9
+4 9
+1 9
+12 9
+5 2
+2 2
-2 2
+2 2
+2 4
+2 4
+3 9
+2 1
+8 1
-8 1
+9 2
-1 1
+5 2
+3 9
fe=(22)
1433 6
+16 9
+19 6
+2 15
+55 9
+1 2
+3 3
cfi=(24)
cfn=(122)
calls=1 81 
* 8
* 6
cfi=(24)
cfn=(122)
calls=2 81 
* 16
* 6
+8 15
+3 9
+2 3
-2 3
+2 3
+16 6
cfi=(7)
cfn=(12)
calls=3 859 
* 111
+4 6
+1 9
+17 6
+1 1
+3 3
+1 1
-1 1
+1 2
+4 1
-4 1
+4 2
-5 6
+1 2
-1 2
+1 4
+4 2
-4 2
+4 4
+10 9
cfi=(15)
cfn=(48)
calls=3 32 
* 171
+4 12
+20 18
fi=(4)
52 56
+10 14
-18 42
+8 57
+10 57
-18 171
+18 3
-18 9
+2 148
+5 68
+2 12
+3 12
+3 12
+2 9
fe=(22)
1356 7
+1 8
+1 4
-1 2
+3 5
+43 11
cfi=(26)
cfn=(74)
calls=1 29 
* 23
+3 2
1537 6
+1 4
fi=(4)
114 6
fe=(22)

fn=(108)
1873 120
cfi=(3)
cfn=(4)
calls=20 130 
* 40
* 120
+36 60
+21 80
cfi=(24)
cfn=(110)
calls=20 81 
* 319
+1 20
-1 20
+1 20
+11 6
+5 3
-6 3
+1 3
+5 27
cfi=(24)
cfn=(112)
calls=3 81 
* 30
+2 6
+2 6
+2 3
-2 6
+2 3
+6 6
+16 21
cfi=(14)
cfn=(30)
calls=3 46 
* 93
* 6
+2 6
-2 6
+4 21
cfi=(14)
cfn=(30)
calls=3 46 
* 108
-4 6
+75 9
+5 6
+3 15
+5 6
+7 3
+1 6
-1 6
+1 9
+1 9
+15 117
+2 53
+4 18
+1 9
+13 6
+1 3
-1 3
+1 6
-2 3
+4 9
+5 2
+1 2
-13 10
cfi=(14)
cfn=(30)
calls=2 46 
* 78
* 15
cfi=(14)
cfn=(30)
calls=3 46 
* 102
* 14
+16 4
+5 2
-2 2
+1 2
+1 2
+1 6
+1 8
-4 2
+1 2
-1 2
+2 2
-1 6
-1 2
+4 4
+5 17
+23 114
2006 3
+81 7
+67 6

fn=(70)
1512 56

fn=(84)
160 20
cfi=(3)
cfn=(4)
calls=4 -30 
* 8
* 8
+1 8
cfi=(11)
cfn=(22)
calls=4 43 
* 346
* 4
+1 8
cfi=(17)
cfn=(40)
calls=4 -69 
* 196
* 4
+2 8
+3 16
cfi=(18)
cfn=(46)
calls=4 40 
* 134
+1 20

fl=(33)
fn=(118)
48 8
+1 8
+2 8
+1 8
+4 8
+2 8
+1 8
+2 8
+1 8
+1 1
+1 1
+1 1
+1 1
+1 1
+1 1
+1 1
+1 1
+1 1
+3 8
+1 8
+1 8
+2 8
+2 127
+2 8
+1 16
+5 8
+2 8
+7 8

fl=(56)
fn=(234) call_init.part.0
34 35
+8 5
+3 5
-11 5
cfi=(3)
cfn=(4)
calls=5 +96 
* 10
* 5
+8 10
+3 15
+5 12
+5 6
+8 6
+1 24
cob=(2) ???
cfi=(16) ???
cfn=(276) 0x040494a4
calls=1 -64 
* 12
cob=(3)
cfi=(58) /build/buildd/eglibc-2.19/csu/init-first.c
cfn=(256) _init
calls=1 -12 
* 153
cob=(2)
cfi=(16)
cfn=(236) 0x04024370
calls=1 -64 
* 12
+3 3
+1 6
+6 3
+2 6
-2 6
+3 3
-3 3
+3 9
+1 18
cob=(4)
cfi=(66) ???
cfn=(282) 0x00004960
calls=1 -78 
* 36
cob=(3)
cfi=(62) /build/buildd/eglibc-2.19/libio/oldstdfiles.c
cfn=(264) _IO_check_libio
calls=1 -1 
* 12
cob=(5) /usr/lib/valgrind/vgpreload_core-x86-linux.so
cfi=(57) ???
cfn=(244) 0x000004d0
calls=1 -78 
* 36
* 12
cob=(3)
cfi=(65) /build/buildd/eglibc-2.19/elf/dl-altinit.c
cfn=(274) dlinit_alt
calls=1 -37 
* 11
cob=(3)
cfi=(63) /build/buildd/eglibc-2.19/string/../sysdeps/x86_64/cacheinfo.c
cfn=(266) init_cacheinfo
calls=1 550 
* 3428
-1 15
+3 24
-29 3
+29 6
-34 3

fn=(232)
86 6
cfi=(3)
cfn=(4)
calls=1 +44 
* 2
* 2
+1 1
-1 1
+2 1
-2 1
+5 3
+7 2
+26 2
+1 23
+1 10
-90 34
cfn=(234)
calls=4 -2 
* 3849
* 4
+96 6
-96 8
cfn=(234)
calls=1 -2 
* 109
* 1
+58 2

fl=(9)
fn=(60)
45 5
cfi=(3)
cfn=(4)
calls=1 +85 
* 2
* 2
+2 4
+40 3
cfi=(21)
cfn=(62)
calls=1 -6 
* 8
* 2
+15 1
-15 1
+20 1
-1 1
+3 12
+2 3
+2 3
-2 3
+2 10
+3 1
-1 1
+1 1
-3 4
+7 3
-1 3
+2 3
+2 13
+8 1
+1 6
-4 2

fl=(51) /build/buildd/eglibc-2.19/elf/../sysdeps/i386/dl-trampoline.S
fn=(204) _dl_runtime_resolve
28 26
+2 26
+2 26
+2 26
+1 26
+1 26
cfi=(52)
cfn=(206)
calls=26 +30 
* 24740
+1 26
+2 26
+1 26
+1 26
+1 26

fl=(17)
fn=(40)
93 78
cfi=(3)
cfn=(4)
calls=26 +37 
* 52
* 26
+1 104
cfn=(44)
calls=26 -43 
* 994
* 26
+1 78

fn=(88)
119 3
cfi=(3)
cfn=(4)
calls=1 +11 
* 2
* 3
+2 2
+7 4

fn=(36)
102 70
cfi=(3)
cfn=(4)
calls=10 +28 
* 20
* 10
+7 10
-3 10
+3 10
-3 10
+3 20
+4 20
cfn=(40)
calls=10 -20 
* 535
* 10
+1 50

fn=(44)
51 108
cfi=(3)
cfn=(4)
calls=27 +79 
* 54
* 108
+1 107
+11 26
+1 26
-1 26
+3 52
-3 26
+3 26
-3 1
+1 1
-1 1
+3 2
-3 1
+3 97
+4 12
+1 9
+6 21
cfi=(26)
cfn=(74)
calls=3 -48 
* 69
+2 15
+4 9
+3 3
+1 3
+2 18
-3 24
+1 24
+2 192
-31 3
+1 1
-2 3

fn=(80)
335 28
cfi=(3)
cfn=(4)
calls=4 130 
* 8
* 4
+3 16
+2 8
+1 4
-1 4
+1 4
+4 187
+7 472
-2 236
+10 59
-15 179
+18 4
+4 28

fl=(25)
fn=(72)
40 53
+1 53
+2 53
+1 53
+2 53
+1 53
+1 53
+1 53
+1 15
+1 15
+1 15
-1 38
+1 38
+1 35
+1 163
+2 53
+2 53
+3 53

fl=(3)
fn=(4)
130 1554

fl=(7)
fn=(174) check_match.9376
131 833
+1 119
+2 119
-3 119
cfi=(3)
cfn=(4)
calls=119 -1 
* 238
* 119
+1 119
+2 238
+2 357
-2 238
+12 357
+3 520
cfi=(19)
cfn=(54)
calls=47 30 
* 3324
* 94
+5 119
-1 119
+1 119
-1 119
+1 119
+2 234
+19 234
+1 819
+3 118
+43 714
-18 4
+2 4
+1 2
-1 2
+1 2
-1 2
+1 4
-1 4
+4 2
+1 5
-34 702
cfi=(19)
cfn=(54)
calls=117 30 
* 8924
* 351
+36 2

fn=(172) do_lookup_x
82 774
-5 258
+5 387
cfi=(3)
cfn=(4)
calls=129 +48 
* 258
* 258
-5 903
+11 129
+1 129
-1 129
229 387
114 516
-16 129
-3 129
+1 129
+2 258
+3 129
-3 129
+3 129
-3 389
-3 389
+1 389
+2 778
+3 389
-3 389
+3 389
+4 1060
+4 1030
+4 1030
+6 2060
+4 515
225 515
123 515
226 515
123 515
+1 1545
226 515
+4 1030
+3 1030
-5 515
+5 1545
+4 1030
-1 1030
+1 515
-1 1030
+21 397
+24 794
461 3405
+1 216
cfi=(31)
cfn=(106)
calls=108 288 
* 6281
* 324
+3 1197
+4 10
-1 10
+1 50
281 1
+2 2
+3 999
+17 357
+1 357
+1 119
469 714
290 54
-50 411
-1 274
+2 274
+2 132
+6 132
-6 132
+6 396
+4 474
-7 1380
+2 476
+1 119
-1 238
+1 357
cfn=(174)
calls=119 131 
* 19518
+1 240
+22 264

fn=(170)
714 387
475 129
714 645
476 258
714 129
cfi=(3)
cfn=(4)
calls=129 130 
* 258
* 258
476 387
+1 129
-1 129
+1 387
-1 387
+1 1440
-1 1440
+1 4320
-1 4320
724 129
-4 129
-4 129
+8 129
-7 258
+7 363
+5 129
+2 129
-2 129
+2 129
-2 129
+6 129
-7 129
+7 129
-7 1290
+15 10
-8 40
+2 2709
cfn=(172)
calls=129 82 
* 65916
+3 258
+26 516
+22 238
+1 833
+26 119
+9 595
+14 357
+3 476
+5 238
+2 774
-80 80
+16 20
+1 20
+54 2

fn=(12)
859 15
-3 25
+7 5
-7 5
cfi=(3)
cfn=(4)
calls=5 130 
* 10
* 5
+11 10
+2 5
-1 5
+3 15
+1 5
+1 10
+7 5
-5 5
-2 5
+3 5
+2 5
+1 5
+1 10
+14 30

ob=(2)
fl=(16)
fn=(236)
0 3
cob=(5)
cfi=(57)
cfn=(238) 0x000003e0
calls=1 0 
0 2
0 7

fn=(276)
0 3
cob=(4)
cfi=(50) /build/buildd/eglibc-2.19/csu/../sysdeps/i386/crti.S
cfn=(196) __x86.get_pc_thunk.bx
calls=1 66 
0 2
0 7

fn=(314) 0x08048d10
0 3
cob=(6)
cfi=(67)
cfn=(312) __x86.get_pc_thunk.bx
calls=1 0 
0 2
0 7

ob=(5)
fl=(57)
fn=(238)
0 6

fn=(244)
0 4
cfn=(238)
calls=1 0 
0 2
0 19
cfn=(238)
calls=1 0 
0 2
0 9

ob=(3)
fl=(69) /build/buildd/eglibc-2.19/stdlib/cxa_atexit.c
fn=(308) __new_exitfn
73 1
+6 1
-6 1
+6 1
-6 4
cfi=(43) /build/buildd/eglibc-2.19/string/../sysdeps/i386/i686/multiarch/strcat.S
cfn=(178) 0x0012746b
calls=1 -18 
* 2
* 1
+6 4
+2 5
-7 3
+9 3
-2 2
+10 1
-10 2
+45 1
+1 2
+3 4
+3 7
-21 1
+1 2

fn=(306) __cxa_atexit
57 2
cfi=(43)
cfn=(178)
calls=1 -2 
* 2
* 2
-22 3
cfn=(308)
calls=1 +38 
* 48
+2 2
+4 3
+2 1
+1 2
+1 2
+2 1
+1 1
+11 3

fl=(47)
fn=(186)
28 2
cfi=(43)
cfn=(178)
calls=1 +27 
* 2
* 1
+4 1
+1 1
+2 1
+1 1
+1 1
+1 1
+1 1
+3 1

fl=(43)
fn=(178)
55 103251932

fl=(68) /build/buildd/eglibc-2.19/csu/libc-start.c
fn=(304) (below main)
133 5
cfi=(43)
cfn=(178)
calls=1 -78 
* 2
* 4
+4 4
+82 1
-82 1
+82 1
+1 4
cfi=(69)
cfn=(306)
calls=1 57 
* 72
+22 4
+3 2
+1 8
cob=(6)
cfi=(67)
cfn=(310) __libc_csu_init
calls=1 0 
* 59
+4 4
+15 2
+9 3
cfi=(70) /build/buildd/eglibc-2.19/setjmp/../sysdeps/i386/bsd-_setjmp.S
cfn=(328) _setjmp
calls=1 33 
* 16
+1 2
+5 2
+1 2
+3 2
+3 8
cob=(6)
cfi=(71) /home/genglei/test/memleak/test.c
cfn=(330) main
calls=1 19 
* 9143181205
137 2

fl=(123) /build/buildd/eglibc-2.19/misc/../sysdeps/unix/sysv/linux/llseek.c
fn=(614) llseek
30 5
+3 2
-3 1
cfi=(43)
cfn=(178)
calls=1 +25 
* 2
* 1
+3 8
cob=(1)
cfi=(1)
cfn=(338)
calls=1 -33 
* 2
* 8
+3 6

fl=(62)
fn=(264)
77 3
cfi=(43)
cfn=(178)
calls=1 -22 
* 2
* 1
+1 3
+13 3

fl=(98) /build/buildd/eglibc-2.19/malloc/morecore.c
fn=(472) __default_morecore
46 2
+1 6
cfi=(99) /build/buildd/eglibc-2.19/misc/sbrk.c
cfn=(474) sbrk
calls=2 -13 
* 104
+2 6
+3 4

fl=(58)
fn=(256)
52 5
cfi=(43)
cfn=(178)
calls=1 +3 
* 2
* 5
+6 3
+14 1
-2 1
+1 1
+1 1
+14 4
cfi=(59) /build/buildd/eglibc-2.19/misc/init-misc.c
cfn=(258) __init_misc
calls=1 -56 
* 93
+13 5
-5 1
cfi=(61) /build/buildd/eglibc-2.19/ctype/ctype-info.c
cfn=(262) __ctype_init
calls=1 -65 
* 25
-29 2
-7 1
+7 3

fl=(82) /build/buildd/eglibc-2.19/libio/genops.c
fn=(630) _IO_un_link
60 21
cfi=(43)
cfn=(178)
calls=3 -5 
* 6
* 3
+1 6
+4 6
+1 10
+2 1
-2 1
+1 1
+1 3
+2 3
+2 2
+13 1
+2 1
-2 1
+2 1
+2 1
-1 1
+1 6
+1 2
+3 18
-19 1
+1 1
-1 2

fn=(412) _IO_setb
399 20
cfi=(43)
cfn=(178)
calls=4 55 
* 8
* 4
+1 18
+2 8
+1 8
+1 12
+3 4
+1 8
-3 4
+3 8
-7 7
cfi=(78) /build/buildd/eglibc-2.19/misc/../sysdeps/unix/syscall-template.S
cfn=(638) munmap
calls=1 81 
* 11
* 2

fn=(416) _IO_default_xsputn
447 130
+4 130
-4 520
+3 130
-3 130
cfi=(43)
cfn=(178)
calls=130 55 
* 260
* 390
+3 520
+5 572
+2 387
+3 258
+10 516
+5 387
-1 258
+1 2193
-1 1978
+4 129
+2 390
cfi=(81) /build/buildd/eglibc-2.19/libio/fileops.c
cfn=(400) _IO_file_overflow@@GLIBC_2.1
calls=13 824 
* 559
* 39
+2 13
-2 13
+3 13
+1 260
+1 780

fn=(584) _IO_sgetn
493 10
+2 40
cfi=(81)
cfn=(586) _IO_file_xsgetn
calls=5 1364 
* 679
+1 10

fn=(622) _IO_default_uflow
434 3
+1 4
cfi=(81)
cfn=(590) _IO_file_underflow@@GLIBC_2.1
calls=1 552 
* 102
+1 2
+2 4
+1 3

fn=(562) _IO_no_init
643 6
cfi=(43)
cfn=(178)
calls=1 55 
* 2
* 2
+1 1
-1 2
+1 3
cfn=(564) _IO_old_init
calls=1 -34 
* 28
+3 1
-2 1
+2 1
+15 1
-13 1
+1 1
+1 1
+1 1
+1 1
+1 1
+1 1
+1 1
+1 1
+1 1
+1 1
+1 1
+2 1
+7 1
+1 6

fn=(568) _IO_link_in
99 14
cfi=(43)
cfn=(178)
calls=2 -44 
* 4
* 2
+1 6
+4 1
-2 2
+2 5
+1 11
+2 1
-1 1
-1 3
+2 16
+2 1
-2 1
+4 1
+2 1
-4 1
+1 1
+3 4
+2 2
-1 1
+1 7
+1 2
+3 12
-6 6

fn=(402) _IO_doallocbuf
414 9
+1 9
+6 6
-4 9
+1 8
cfi=(83) /build/buildd/eglibc-2.19/libio/filedoalloc.c
cfn=(404) _IO_file_doallocate
calls=2 96 
* 271
* 4
+2 7
cfn=(412)
calls=1 -21 
* 25
+1 3

fn=(620) __uflow
363 5
cfi=(43)
cfn=(178)
calls=1 55 
* 2
* 1
+2 8
+6 2
+3 3
+2 2
+6 3
+7 4
cfn=(622)
calls=1 +45 
* 118
+1 4
-25 2
+4 4
+18 3

fn=(418) __overflow
239 454700
cfi=(43)
cfn=(178)
calls=90940 55 
* 181880
* 90940
+2 272820
+2 545640
cfi=(81)
cfn=(400)
calls=90940 824 
* 14641340
+1 363760

fn=(564)
610 1
-1 1
+1 2
+16 1
-15 1
+1 1
+1 1
+1 1
+1 1
+1 1
+1 1
+1 1
+1 1
+1 1
+2 1
+1 1
+1 1
+1 1
+1 1
+2 1
+3 3
+1 4

fn=(588) __underflow
330 5
cfi=(43)
cfn=(178)
calls=1 55 
* 2
* 1
+2 9
+4 3
+2 2
+3 3
+2 2
+6 3
+7 4
cfi=(81)
cfn=(590)
calls=1 552 
* 97
+1 4
-3 3

fn=(592) _IO_switch_to_get_mode
182 6
+1 6
+3 6
+4 2
+1 2
-1 2
+1 2
+7 2
-4 2
+2 4
+3 2
-1 2
+2 6

fn=(610) _IO_unsave_markers
1119 2
+2 6
+19 6
+1 2

fn=(644) _IO_default_finish
686 5
cfi=(43)
cfn=(178)
calls=1 55 
* 2
* 1
+2 3
+6 3
+3 3
+6 1
+6 3
-6 1
cfn=(630)
calls=1 60 
* 18

fl=(79) /build/buildd/eglibc-2.19/libio/ioputs.c
fn=(394) puts
34 545640
cfi=(43)
cfn=(178)
calls=90940 +21 
* 181880
* 90940
+2 272820
cfi=(80) /build/buildd/eglibc-2.19/string/../sysdeps/i386/i686/multiarch/../../i586/strlen.S
cfn=(396) __GI_strlen
calls=90940 +7 
* 4183240
+1 181880
-1 90940
+1 1727860
+2 272820
+1 909397
+1 545640
cfi=(81)
cfn=(398) _IO_file_xsputn@@GLIBC_2.1
calls=90940 1281 
* 12732602
* 181880
+1 363760
+1 272820
fi=(87) /build/buildd/eglibc-2.19/libio/libioP.h
904 181880
+1 727520
fe=(79)
47 636580
-7 2
+2 272820
cfi=(82)
cfn=(418)
calls=90940 239 
* 16551080
* 181880

fl=(133) /build/buildd/eglibc-2.19/stdlib/msort.c
fn=(696) qsort
306 43
+1 430
cfn=(698) qsort_r
calls=43 166 
* 256925
+1 86

fn=(698)
166 258
+7 86
-7 43
cfi=(43)
cfn=(178)
calls=43 55 
* 86
* 43
+7 43
-6 172
+8 86
+59 43
+5 43
-4 43
-1 43
+2 86
+1 86
+2 43
+4 172
+2 43
+2 43
-4 43
+2 43
+2 43
-5 129
+7 86
+1 43
-3 86
+2 1032
+1 516
-3 1118
45 43
252 43
+1 43
45 215
cfn=(700) msort_with_tmp.part.0
calls=43 -5 
* 199090
247 172
+14 3354
+4 774
cfi=(112) /build/buildd/eglibc-2.19/string/../sysdeps/i386/i686/multiarch/../memcpy.S
cfn=(554) __GI_memcpy
calls=129 40 
* 7611
* 516
+7 215
+2 215
-2 215
-3 860
+1 215
-1 215
+1 430
+1 1075
cfi=(112)
cfn=(554)
calls=215 40 
* 12685
-2 516
+1 129
-1 129
+1 258
+1 645
cfi=(112)
cfn=(554)
calls=129 40 
* 7611
+3 1032
+2 688
+3 129
-1 129
+1 645
cfi=(112)
cfn=(554)
calls=129 40 
* 7611
-19 3354
+39 129
cfi=(92) /build/buildd/eglibc-2.19/malloc/malloc.c
cfn=(546) free
calls=43 2912 
* 688
* 43
+1 258
177 258
-9 86

fn=(700)
40 215
+11 43
-3 43
+1 43
-9 43
cfi=(43)
cfn=(178)
calls=43 +15 
* 86
* 86
+8 43
+3 43
-2 43
-4 43
-5 43
+8 43
+3 43
-6 129
cfn=(701) msort_with_tmp.part.0'2
calls=43 -5 
* 65489
* 258
cfn=(701)
calls=43 -5 
* 82431
+11 43
+1 43
-1 43
+1 43
+1 86
+1 43
+1 43
-1 43
+1 387
+62 344
+10 301
+2 301
-1 301
+3 301
-4 301
-10 2021
+2 4644
cob=(6)
cfi=(91) /home/genglei/test/memleak/cmn.c
cfn=(702) cmpobs
calls=516 3324 
* 33540
* 1548
+2 215
+10 215
-9 215
+1 215
-2 215
-4 430
+36 172
+1 301
cfi=(112)
cfn=(554)
calls=43 40 
* 1161
* 43
+1 430
cfi=(112)
cfn=(554)
calls=43 40 
* 1677
+1 258

fn=(701)
40 2365
+11 473
-3 473
+1 473
-9 473
cfi=(43)
cfn=(178)
calls=473 +15 
* 946
* 946
+8 473
+3 473
-2 473
-4 473
-5 473
+8 473
+3 473
-6 731
cfn=(701)
calls=129 -5 
* 50095
* 1978
cfn=(701)
calls=258 -5 
* 88279
+11 473
+1 473
-1 473
+1 473
+1 946
+1 473
+1 473
-1 473
+1 4257
+62 3784
+10 602
+2 602
-1 602
+3 602
-4 602
-10 3784
+2 9675
cob=(6)
cfi=(91)
cfn=(702)
calls=1075 3324 
* 69875
* 3225
+2 473
+10 473
-9 473
+1 473
-2 473
-4 946
+36 1892
+1 1505
cfi=(112)
cfn=(554)
calls=215 40 
* 5805
* 215
+1 4730
cfi=(112)
cfn=(554)
calls=473 40 
* 13588
+1 2838

fl=(59)
fn=(258)
30 6
cfi=(43)
cfn=(178)
calls=1 +25 
* 2
* 1
+1 5
+2 3
cfi=(60) /build/buildd/eglibc-2.19/string/../sysdeps/i386/i686/multiarch/../../strrchr.S
cfn=(260) __GI_strrchr
calls=1 * 
* 63
+1 2
+3 3
+1 3
+2 5

fl=(109) /build/buildd/eglibc-2.19/time/tzset.c
fn=(536) __tz_convert
617 301
cfi=(43)
cfn=(178)
calls=43 55 
* 86
* 129
+4 86
+6 258
+5 258
cfn=(538) tzset_internal
calls=43 404 
* 8694
+2 129
+15 86
+7 215
cfi=(129) /build/buildd/eglibc-2.19/time/offtime.c
cfn=(654) __offtime
calls=43 33 
* 11223
* 86
+1 86
+5 172
+2 43
+1 258
-30 387
cfi=(113) /build/buildd/eglibc-2.19/time/tzfile.c
cfn=(652) __tzfile_compute
calls=43 -13 
* 1290
+12 86
+5 86
+1 43
-2 43
+2 86
-21 172

fn=(538)
404 258
cfi=(43)
cfn=(178)
calls=43 55 
* 86
* 86
+4 213
+5 2
-3 1
+3 1
cfi=(110) /build/buildd/eglibc-2.19/stdlib/getenv.c
cfn=(540) getenv
calls=1 35 
* 481
+1 1
-1 1
+1 1
+6 2
+23 1
-4 1
+1 1
+3 1
cfi=(92)
cfn=(546)
calls=1 2912 
* 16
cob=(1)
cfi=(51)
cfn=(204)
calls=1 28 
* 679
* 5
+1 2
cfi=(111) /build/buildd/eglibc-2.19/string/strdup.c
cfn=(548) strdup
calls=1 40 
* 1035
+3 3
-3 1
+3 1
cfi=(113)
cfn=(556) __tzfile_read
calls=1 104 
* 5549
+1 3
+18 258
-52 2
+17 1
+6 2

fn=(624) __tzstring
90 36
cfi=(43)
cfn=(178)
calls=6 -35 
* 12
* 6
+3 18
cfi=(80)
cfn=(396)
calls=6 -50 
* 148
+4 12
-4 6
+4 15
+1 39
+3 13
-1 26
+1 39
cfi=(128) /build/buildd/eglibc-2.19/string/../sysdeps/i386/i686/multiarch/../strcmp.S
cfn=(648) __GI_strcmp
calls=13 -71 
* 177
* 26
-4 33
+9 12
cfi=(92)
cfn=(448) malloc
calls=4 2876 
* 863
* 4
+1 4
-1 4
+1 4
+4 4
+1 4
-2 4
+2 16
cfi=(126) /build/buildd/eglibc-2.19/string/../sysdeps/i386/i686/multiarch/../../i586/strcpy.S
cfn=(626) __GI_strcpy
calls=4 -75 
* 161
+2 8
+1 3
+4 3
+1 26
-20 2
+20 10
-3 1
+2 2

fl=(60)
fn=(260)
33 1
+3 1
+3 1
+1 1
+2 1
+6 1
+1 1
+1 1
+1 1
+13 1
+1 1
+1 1
+1 1
+1 1
+2 1
+1 1
+1 1
+2 1
+1 1
+79 1
+1 1
+1 1
+1 1
+1 1
+8 1
+1 1
+1 1
+3 1
+2 1
+1 1
+1 1
+11 1
-13 1
+1 1
+1 1
+11 1
+4 2
+3 2
+1 2
+4 2
+6 1
+2 1
+1 1
+3 1
+1 1
+1 1
+1 1
+2 1
+85 1
+1 1
+2 1
+1 1
+2 1
+1 1
+2 1
+1 1
+13 1
+3 1
+4 1

fl=(115) /build/buildd/eglibc-2.19/libio/fileno.c
fn=(578) fileno
33 2
cfi=(116) /build/buildd/eglibc-2.19/signal/../sysdeps/unix/syscall-template.S
cfn=(580) 0x0012746f
calls=1 +50 
* 2
* 1
+3 5
+7 1

fl=(103)
fn=(488)
31 2
cfi=(43)
cfn=(178)
calls=1 +24 
* 2
* 1
+4 1
+1 1
+2 1
+1 1
+1 1
+1 1
+1 1
+1 1
+2 1
+3 1

fl=(111)
fn=(548)
40 5
cfi=(43)
cfn=(178)
calls=1 +15 
* 2
* 2
+1 2
cfi=(80)
cfn=(396)
calls=1 +2 
* 55
* 1
+1 2
cfi=(92)
cfn=(448)
calls=1 2876 
* 191
cob=(1)
cfi=(51)
cfn=(204)
calls=1 -14 
* 734
* 5
+2 2
+3 4
cfi=(112)
cfn=(554)
calls=1 -7 
* 25
+1 5

fl=(65)
fn=(274)
41 2
cfi=(43)
cfn=(178)
calls=1 +14 
* 2
* 1
-8 4
+10 2

fl=(94) /build/buildd/eglibc-2.19/malloc/arena.c
fn=(452) ptmalloc_init.part.6
371 6
cfi=(43)
cfn=(178)
calls=1 55 
* 2
* 2
+13 1
-8 1
+8 2
+7 3
+1 1
-1 1
+1 12
cfi=(97) /build/buildd/eglibc-2.19/nptl/../nptl/sysdeps/unix/sysv/linux/register-atfork.c
cfn=(464) __linkin_atfork
calls=1 114 
* 16
+2 6
-58 138
+16 69
-18 210
455 2
+6 2
+1 2
+2 1
+1 6
-80 5
cfi=(95) /build/buildd/eglibc-2.19/elf/dl-addr.c
cfn=(454) _dl_addr
calls=1 126 
* 69871
* 3
+1 5
-49 4
+1 4

fl=(107) /build/buildd/eglibc-2.19/time/../sysdeps/unix/syscall-template.S
fn=(528) gettimeofday
81 215
cob=(1)
cfi=(1)
cfn=(338)
calls=43 -81 
* 86
* 129
+1 43

fl=(44) /build/buildd/eglibc-2.19/csu/../sysdeps/x86_64/multiarch/init-arch.c
fn=(180) __init_cpu_features
44 1
+8 1
-8 4
cfi=(43)
cfn=(178)
calls=1 +11 
* 2
* 2
+8 3
+3 1
-3 1
+3 5
+95 2
+1 9
+7 3
+21 1
+1 1
+2 2
+1 6
31 5
+6 1
+1 1
-1 1
-6 2
+32 1
-26 1
+1 1
+25 1
-25 1
+25 1
+1 1
-33 2
+33 1
+5 1
-12 1
+12 1
+3 4
+27 1
-42 1
+42 1

fn=(210) __get_cpu_features
189 8
cfi=(43)
cfn=(178)
calls=4 55 
* 8
* 4
+1 12
+4 12

fl=(76) /build/buildd/eglibc-2.19/resolv/inet_pton.c
fn=(356) inet_pton4
86 1
+4 1
-4 1
+5 1
-5 3
+6 4
+1 40
+2 33
+1 8
+2 8
-2 24
+2 16
+2 16
+3 8
-1 8
+1 8
+1 12
-11 4
+13 4
-13 16
+23 2
+2 3
+2 1
-1 1
+1 4
-12 12
+1 6
+2 3
+1 3
-1 14

fn=(354) inet_pton
56 7
cfi=(43)
cfn=(178)
calls=1 -1 
* 2
* 2
+1 2
+2 3
cfn=(356)
calls=1 +27 
* 265
+8 6

fl=(97)
fn=(464)
114 3
cfi=(43)
cfn=(178)
calls=1 -59 
* 2
* 1
+2 2
+1 6
+2 2

fl=(83)
fn=(404)
96 14
cfi=(43)
cfn=(178)
calls=2 -41 
* 4
* 2
+15 18
cfi=(81)
cfn=(406) _IO_file_stat
calls=2 1222 
* 54
* 4
+2 8
+11 9
+4 14
cfi=(85) /build/buildd/eglibc-2.19/misc/../sysdeps/unix/sysv/linux/i386/mmap.S
cfn=(410) mmap
calls=2 -99 
* 50
* 4
+1 12
cfi=(82)
cfn=(412)
calls=2 399 
* 50
+1 2
+1 12
-13 2
fi=(138) /build/buildd/eglibc-2.19/libio/../sysdeps/unix/sysv/linux/sys/sysmacros.h
-77 5
fe=(83)
+77 1
-2 2
+8 1
-3 1
+3 2

fl=(135) /build/buildd/eglibc-2.19/stdio-common/vfprintf.c
fn=(716) buffered_vfprintf
2323 301
cfi=(43)
cfn=(178)
calls=43 55 
* 86
* 43
+8 430
+10 215
+10 43
+5 86
-21 43
+16 43
+1 86
+4 86
-14 43
+2 43
+2 43
+3 43
+7 43
cfn=(715) vfprintf'2
calls=43 235 
* 30831
+6 86
-6 43
+6 172
+1 774
+12 215
+2 301
cfi=(81)
cfn=(398)
calls=43 1281 
* 8545
+1 172
+5 430
+1 86
+2 43
+1 258

fn=(714) vfprintf
235 43
+35 43
-35 215
cfi=(43)
cfn=(178)
calls=43 55 
* 86
* 129
+35 43
1295 43
270 129
1295 302
+4 258
+4 86
+1 258
+6 86
-15 84
+18 172
cfn=(716)
calls=43 2323 
* 43633
2102 301
1303 172

fn=(715)
235 43
+35 43
-35 215
cfi=(43)
cfn=(178)
calls=43 55 
* 86
* 129
+35 43
1295 43
270 129
1295 301
+4 258
+4 86
+1 258
+6 86
+11 86
fi=(139) /build/buildd/eglibc-2.19/stdio-common/printf-parse.h
108 172
cfi=(136) /build/buildd/eglibc-2.19/string/../sysdeps/i386/strchrnul.S
cfn=(718) strchrnul
calls=43 -74 
* 4730
fe=(135)
1336 86
fi=(139)
108 43
fe=(135)
1332 43
+4 43
+4 430
cfi=(82)
cfn=(416)
calls=43 447 
* 5590
* 86
2098 86
+1 129
+2 43
+1 258
1295 86
2102 43
1303 172
+41 129
+4 430
283 43
-6 43
-3 43
1325 43
-8 43
240 86
1396 344
-4 43
+1 43
-18 43
+1 43
+1 43
+1 43
+1 43
+1 43
+1 43
+1 43
+1 43
+1 43
+1 43
+3 43
+1 86
+7 258
1680 86
+8 172
fi=(139)
108 129
cfi=(136)
cfn=(718)
calls=43 -74 
* 1763
fe=(135)
1692 86
-4 43
+4 387
cfi=(82)
cfn=(416)
calls=43 447 
* 2365
* 43
-10 43
+10 215
2091 86
+2 129
+2 129
1660 2580
cfi=(82)
cfn=(416)
calls=43 447 
* 2150
* 559
+32 215
+2 43
-2 43
+2 43
-34 430
cfi=(137) /build/buildd/eglibc-2.19/stdio-common/_itoa.c
cfn=(720) _itoa_word
calls=43 165 
* 1634
* 1462

fl=(113)
fn=(650) compute_tzname_max
823 3
cfi=(43)
cfn=(178)
calls=1 55 
* 2
* 1
+3 3
+4 12
+1 3
-1 6
+1 6
-1 18
+2 6
+1 1
+2 9
+1 3

fn=(556)
104 6
cfi=(43)
cfn=(178)
calls=1 -49 
* 2
* 3
+13 1
+7 1
-10 1
+8 1
+2 1
+3 3
528 6
136 4
+10 2
+14 2
+8 4
cfi=(114) /build/buildd/eglibc-2.19/libio/iofopen.c
cfn=(558) fopen@@GLIBC_2.1
calls=1 -66 
* 628
+1 1
-1 1
+1 1
+4 2
cfi=(115)
cfn=(578)
calls=1 33 
* 11
* 5
cfi=(84) /build/buildd/eglibc-2.19/io/../sysdeps/unix/sysv/linux/fxstat64.c
cfn=(408) __fxstat64@@GLIBC_2.2
calls=1 33 
* 17
* 2
+6 3
cfi=(92)
cfn=(546)
calls=1 2912 
* 16
* 1
+4 2
-3 1
+3 1
+1 1
-1 1
+1 2
+1 1
+3 1
+3 1
-6 1
+6 5
-7 1
+7 2
cfi=(117) /build/buildd/eglibc-2.19/libio/iofread_u.c
cfn=(582) fread_unlocked
calls=1 38 
* 426
* 2
+2 6
cfi=(118) /build/buildd/eglibc-2.19/string/../sysdeps/i386/i686/multiarch/../memcmp.S
cfn=(598) __GI_memcmp
calls=1 46 
* 27
* 3
fi=(119) /build/buildd/eglibc-2.19/time/../sysdeps/x86/bits/byteswap.h
47 8
fe=(113)
223 1
fi=(119)
47 1
fe=(113)
196 1
fi=(119)
47 1
fe=(113)
197 1
fi=(119)
47 3
fe=(113)
199 1
fi=(119)
47 2
fe=(113)
223 1
+5 2
+4 3
-1 2
+3 5
+1 4
+2 1
+1 2
+3 3
+4 2
-1 2
+3 6
+26 2
-26 1
+26 1
+5 3
cfi=(92)
cfn=(448)
calls=1 2876 
* 183
* 1
+1 1
-1 1
+1 1
+3 1
+4 1
-4 1
+2 1
+6 1
-4 1
-2 2
+1 1
+1 1
-1 1
+6 3
+5 5
cfi=(117)
cfn=(582)
calls=1 38 
* 124
* 3
+16 2
+1 72
-1 34
+13 4
fi=(119)
47 2
fe=(113)
326 1
-1 3
fi=(119)
47 32
fe=(113)
326 16
-1 50
+15 1
+18 1
-18 128
519 1
-1 1
+1 2
cfi=(92)
cfn=(546)
calls=1 2912 
* 16
* 1
* 1
fi=(120) /build/buildd/eglibc-2.19/time/../libio/bits/stdio.h
65 15
fe=(113)
344 9
+2 9
fi=(120)
65 18
fe=(113)
348 6
+3 3
-15 3
+15 3
fi=(119)
47 6
fe=(113)
352 3
-16 9
+19 7
cfi=(117)
cfn=(582)
calls=1 38 
* 99
* 3
+3 3
+16 5
fi=(120)
65 18
fe=(113)
379 9
-5 9
+7 4
+3 6
fi=(120)
65 18
fe=(113)
389 9
-5 10
+7 3
+14 2
+39 5
+3 1
+3 1
-3 1
cfi=(127) /build/buildd/eglibc-2.19/libio/iofclose.c
cfn=(628) fclose@@GLIBC_2.1
calls=1 40 
* 452
+3 4
+1 2
-1 1
+1 3
cfi=(109)
cfn=(624)
calls=1 90 
* 447
* 4
-1 2
+1 6
cfi=(109)
cfn=(624)
calls=2 90 
* 679
-1 6
+8 1
-2 1
+2 1
-2 1
+1 1
+1 3
+2 4
+1 8
+2 6
+4 10
cfi=(109)
cfn=(624)
calls=2 90 
* 307
* 4
+2 11
+4 2
+7 3
+3 2
cfn=(650)
calls=1 823 
* 73
+2 3
+29 1
+1 1
-1 2
+1 3
-20 1
-5 1
+1 1
+4 1
-4 2
+4 1
-5 1
+5 7
+3 2
-1 1
+8 4
+3 2
-13 4
+5 7
+3 2
-1 2
-94 6
cfi=(117)
cfn=(582)
calls=1 38 
* 107
* 2
+2 5
cfi=(118)
cfn=(598)
calls=1 46 
* 27
* 2
fi=(119)
47 3
fe=(113)
429 1
fi=(119)
47 4
fe=(113)
429 1
fi=(119)
47 7
fe=(113)
423 1
fi=(119)
47 1
fe=(113)
424 1
-2 1
+3 2
-2 1
+3 1
-1 1
-3 1
+7 2
cfi=(121) /build/buildd/eglibc-2.19/libio/fseek.c
cfn=(604) fseek
calls=1 35 
* 232
* 2
+1 2
cfi=(124) /build/buildd/eglibc-2.19/libio/ftello.c
cfn=(616) ftello
calls=1 36 
* 153
* 2
+1 8
+3 2
+1 6
fi=(120)
65 3
fe=(113)
436 2
+1 8
cfi=(117)
cfn=(582)
calls=1 38 
* 98
* 3
+2 2
+1 2
cfi=(109)
cfn=(624)
calls=1 90 
* 308
* 2
+71 9
-80 4
fi=(120)
65 2
cfi=(82)
cfn=(620)
calls=1 363 
* 161
* 2
fe=(113)

fn=(652)
622 215
+3 43
-3 43
cfi=(43)
cfn=(178)
calls=43 55 
* 86
* 43
+3 86
788 86
+4 43
+8 43
-8 43
+1 172
+5 129
+20 258

fl=(118)
fn=(598)
46 2
+2 2
+1 2
+1 2
+2 2
+1 2
+18 2
+2 2
+2 2
+2 2
+1 2
+2 2
cfi=(43)
cfn=(178)
calls=2 -25 
* 4
* 4
+1 2
+1 2
+1 2
+34 2
+1 2
+1 2
+1 2
+2 2
+3 2
+1 4

fl=(122) /build/buildd/eglibc-2.19/libio/ioseekoff.c
fn=(606) _IO_seekoff_unlocked
43 12
cfi=(43)
cfn=(178)
calls=2 +12 
* 4
* 4
+1 2
-1 4
+1 2
+9 12
+1 2
+15 20
cfi=(81)
cfn=(608) _IO_file_seekoff@@GLIBC_2.1
calls=2 947 
* 229
+1 12
-17 4

fl=(78)
fn=(638)
81 5
cob=(1)
cfi=(1)
cfn=(338)
calls=1 -81 
* 2
* 3
+1 1

fn=(386) select
81 181882
cfn=(388) ___newselect_nocancel
calls=90941 * 
* 1636938

fn=(388)
81 909410
cob=(1)
cfi=(1)
cfn=(338)
calls=90941 -81 
* 181882
* 545646

fl=(104) /build/buildd/eglibc-2.19/string/../sysdeps/i386/i686/multiarch/memcpy-ssse3.S
fn=(490) __memcpy_ssse3
100 51257066
+1 51257066
+1 51257066
+1 51257066
+19 51257066
+1 51257066
+4 51256678
+1 51256678
+8 51256678
cfi=(43)
cfn=(178)
calls=51256678 -81 
* 102513356
* 153770034
+6 388
+1 388
+1 388
+1 388
+4 388
+1 388
+1 388
+1 388
+1 388
+1 388
+1 388
+6 388
cfi=(43)
cfn=(178)
calls=388 55 
* 776
+1 388
+1 388
+6 388
+1 388
+1 388
+1 388
+1 224
cfi=(43)
cfn=(178)
calls=224 55 
* 448
* 672
+8 164
+1 164
+1 164
+52 164
cfi=(43)
cfn=(178)
calls=164 55 
* 328
+1 164
+1 164
+5 164
+1 164
+1 492
+4 164
+1 164
+1 164
+1 164
+1 164
+1 164
+1 164
+1 164
+1 164
+1 164
+1 164
+1 164
+1 164
+1 164
+1 164
+1 164
+1 164
+1 164
+1 164
+2 164
-20 3698
+1 3698
+1 3698
+1 3698
+1 3698
+1 3698
+1 3698
+1 3698
+1 3698
+1 3698
+1 3698
+1 3698
+1 3698
+1 3698
+1 3698
+1 3698
+1 3698
+1 3698
+1 3698
+2 3698
+1 164
+1 164
+1 164
+2 87
+1 87
+1 87
+1 87
+1 87
+1 87
+1 87
+1 87
+1 87
+1 87
+1 87
+3 87
+1 87
-1 77
+1 77
+1 87
+1 87
+1 87
+1 87
+1 87
+1 87
+1 87
+3 87
+1 87
-1 77
+1 77
+1 87
+1 87
+1 87
+1 87
+1 87
+3 87
+1 87
+1 87
cfi=(43)
cfn=(178)
calls=87 55 
* 174
-2 77
+1 77
+1 77
cfi=(43)
cfn=(178)
calls=77 55 
* 154
* 492
488 34
+10 34
cfi=(43)
cfn=(178)
calls=34 55 
* 68
+1 34
+1 34
+5 34
+46 34
+1 34
+1 102
+4 34
+1 34
+1 34
+1 34
+1 34
+1 34
+1 34
+1 34
+1 34
+1 34
-9 102
+1 102
+1 102
+1 102
+1 102
+1 102
+1 102
+1 102
+1 102
+1 102
+2 102
+1 102
+1 102
+1 102
+1 102
+1 102
+1 102
+1 102
+1 102
+1 102
+3 34
+1 34
+1 34
+1 34
+1 34
+1 34
cfi=(43)
cfn=(178)
calls=34 55 
* 68
* 102
698 41
+10 41
cfi=(43)
cfn=(178)
calls=41 55 
* 82
+1 41
+1 41
+5 41
+46 41
+1 41
+1 123
+4 41
+1 41
+1 41
+1 41
+1 41
+1 41
+1 41
+1 41
+1 41
+2 41
-10 109
+1 109
+1 109
+1 109
+1 109
+1 109
+1 109
+1 109
+1 109
+2 109
+2 116
+1 116
+1 116
+1 116
+1 116
+1 116
+1 116
+1 116
+1 116
+2 116
+3 41
+1 41
+1 41
+1 41
+1 41
+1 41
cfi=(43)
cfn=(178)
calls=41 55 
* 82
* 123
910 7
+10 7
cfi=(43)
cfn=(178)
calls=7 55 
* 14
+1 7
+1 7
+5 7
+46 7
+1 7
+1 21
+4 7
+1 7
+1 7
+1 7
+1 7
+1 7
+1 7
+1 7
+1 7
+2 7
-10 21
+1 21
+1 21
+1 21
+1 21
+1 21
+1 21
+1 21
+1 21
+2 21
+2 21
+1 21
+1 21
+1 21
+1 21
+1 21
+1 21
+1 21
+1 21
+2 21
+3 7
+1 7
+1 7
+1 7
+1 7
+1 7
cfi=(43)
cfn=(178)
calls=7 55 
* 14
* 21
1120 8
+10 8
cfi=(43)
cfn=(178)
calls=8 55 
* 16
+1 8
+1 8
+5 8
+46 8
+1 8
+1 24
+4 8
+1 8
+1 8
+1 8
+1 8
+1 8
+1 8
+1 8
+1 8
+1 8
-9 22
+1 22
+1 22
+1 22
+1 22
+1 22
+1 22
+1 22
+1 22
+1 22
+2 23
+1 23
+1 23
+1 23
+1 23
+1 23
+1 23
+1 23
+1 23
+1 23
+3 8
+1 8
+1 8
+1 8
+1 8
+1 8
cfi=(43)
cfn=(178)
calls=8 55 
* 16
* 24
1329 1
+10 1
cfi=(43)
cfn=(178)
calls=1 55 
* 2
+1 1
+1 1
+5 1
+47 1
+1 1
+1 3
+4 1
+1 1
+1 1
+1 1
+1 1
+1 1
+1 1
+1 1
+1 1
+1 1
-9 3
+1 3
+1 3
+1 3
+1 3
+1 3
+1 3
+1 3
+1 3
+1 3
+2 3
+1 3
+1 3
+1 3
+1 3
+1 3
+1 3
+1 3
+1 3
+1 3
+3 1
+1 1
+1 1
+1 1
+1 1
+1 1
cfi=(43)
cfn=(178)
calls=1 55 
* 2
* 3
1539 89
+10 89
cfi=(43)
cfn=(178)
calls=89 55 
* 178
+1 89
+1 89
+5 89
+2 86
+4 43
+1 43
+1 43
+1 43
+1 43
+1 43
+1 43
+1 43
+1 43
+1 43
+1 43
+1 43
+1 43
+1 43
+1 43
+1 43
+1 43
+1 43
+1 43
+1 43
-19 220289
+1 220289
+1 220289
+1 220289
+1 220289
+1 220289
+1 220289
+1 220289
+1 220289
+1 220289
+1 220289
+1 220289
+1 220289
+1 220289
+1 220289
+1 220289
+1 220289
+1 220289
+1 220289
+1 220289
+3 43
+1 43
+2 43
+1 43
+1 43
+1 43
+2 43
+1 43
+1 43
+1 43
+1 43
+1 43
cfi=(43)
cfn=(178)
calls=43 55 
* 86
* 129
+6 46
+1 46
+1 138
+4 46
+1 46
+1 46
+1 46
+1 46
+1 46
+1 46
+1 46
+1 46
+1 46
-9 136
+1 136
+1 136
+1 136
+1 136
+1 136
+1 136
+1 136
+1 136
+1 136
+2 137
+1 137
+1 137
+1 137
+1 137
+1 137
+1 137
+1 137
+1 137
+1 137
+3 46
+1 46
+1 46
+1 46
+1 46
+1 46
cfi=(43)
cfn=(178)
calls=46 55 
* 92
* 138
1749 44
+10 44
cfi=(43)
cfn=(178)
calls=44 55 
* 88
+1 44
+1 44
+5 44
+47 44
+1 44
+1 132
+4 44
+1 44
+1 44
+1 44
+1 44
+1 44
+1 44
+1 44
+1 44
+1 44
-9 132
+1 132
+1 132
+1 132
+1 132
+1 132
+1 132
+1 132
+1 132
+1 132
+2 132
+1 132
+1 132
+1 132
+1 132
+1 132
+1 132
+1 132
+1 132
+1 132
+3 44
+1 44
+1 44
+1 44
+1 44
+1 44
cfi=(43)
cfn=(178)
calls=44 55 
* 88
* 132
1997 43
+1 43
+2 43
+1 43
+2 43
+1 43
+2 43
+1 43
+6 43
+3 86
-16 43
+1 43
+2 43
+1 43
+2 43
+1 43
+6 43
+3 86
-3 172
+3 344
+85 86
+1 86
+2 86
+1 86
+2 86
+1 86
+1 86
+1 86
+5 86
+3 172
-11 1
+1 1
+1 1
+1 1
+5 1
+3 2
+10 43
+1 43
+2 43
+1 43
+2 43
+1 43
+2 43
+1 43
+5 43
+3 86
2651 51256678
+6 102513356

fn=(512) __memmove_ssse3
100 129
+1 129
+1 129
+1 129
+3 129
+1 129
+15 129
+1 129
+24 129
+2 129
+1 129
+1 129
+1 129
+1 129
+1 129
+1 129
+6 129
cfi=(43)
cfn=(178)
calls=129 55 
* 258
+1 129
+1 129
+6 129
+1 129
+1 129
+1 129
+1 129
cfi=(43)
cfn=(178)
calls=129 55 
* 258
* 387
490 43
+1 43
+1 43
+6 43
cfi=(43)
cfn=(178)
calls=43 55 
* 86
+1 43
+1 43
+5 43
+46 43
+1 43
+1 129
+4 43
+1 43
+1 43
+1 43
+1 43
+1 43
+1 43
+1 43
+1 43
+1 43
-9 129
+1 129
+1 129
+1 129
+1 129
+1 129
+1 129
+1 129
+1 129
+1 129
+2 129
+1 129
+1 129
+1 129
+1 129
+1 129
+1 129
+1 129
+1 129
+1 129
+3 43
+1 43
+1 43
+1 43
+1 43
+1 43
cfi=(43)
cfn=(178)
calls=43 55 
* 86
* 129
1122 43
+1 43
+1 43
+6 43
cfi=(43)
cfn=(178)
calls=43 55 
* 86
+1 43
+1 43
+5 43
+46 43
+1 43
+1 129
+4 43
+1 43
+1 43
+1 43
+1 43
+1 43
+1 43
+1 43
+1 43
+1 43
-9 129
+1 129
+1 129
+1 129
+1 129
+1 129
+1 129
+1 129
+1 129
+1 129
+2 129
+1 129
+1 129
+1 129
+1 129
+1 129
+1 129
+1 129
+1 129
+1 129
+3 43
+1 43
+1 43
+1 43
+1 43
+1 43
cfi=(43)
cfn=(178)
calls=43 55 
* 86
* 129
1541 43
+1 43
+1 43
+6 43
cfi=(43)
cfn=(178)
calls=43 55 
* 86
+1 43
+1 43
+5 43
+47 43
+1 43
+1 129
+4 43
+1 43
+1 43
+1 43
+1 43
+1 43
+1 43
+1 43
+1 43
+1 43
-9 43
+1 43
+1 43
+1 43
+1 43
+1 43
+1 43
+1 43
+1 43
+1 43
+2 43
+1 43
+1 43
+1 43
+1 43
+1 43
+1 43
+1 43
+1 43
+1 43
+3 43
+1 43
+1 43
+1 43
+1 43
+1 43
cfi=(43)
cfn=(178)
calls=43 55 
* 86
* 129
1981 43
+1 43
+5 43
+3 86
+13 43
+1 43
+2 43
+1 43
+6 43
+3 86
2131 43
+1 43
+2 43
+1 43
+2 43
+1 43
+5 43
+3 86

fl=(128)
fn=(648)
30 13
+1 13
+2 13
+1 13
+1 13
-2 8
+1 8
+1 8
+1 10
+1 10
+1 10
+1 10
+2 2
+3 2
+2 11
+1 11
+1 11
+2 11

fl=(126)
fn=(626)
37 4
+2 4
+2 4
+3 4
+2 4
+3 4
+1 4
+2 4
+2 4
+3 4
+6 4
+5 4
+22 5
+1 5
+2 5
+1 5
+2 5
+1 5
+2 1
+1 1
+2 1
+1 1
+2 1
+2 1
+1 1
+2 1
+2 4
+2 4
+2 4
+1 4
+2 4
+1 4
+2 4
+1 4
+5 4
+1 4
+11 3
+1 3
+2 3
+1 3
+3 3
+6 3
+2 3
+3 3
+3 3
+4 3
-12 1
+2 1
+3 1
+3 1
+4 1

fl=(75) /build/buildd/eglibc-2.19/string/../sysdeps/i386/i686/multiarch/memset-sse2.S
fn=(348) __memset_sse2
90 674
+2 674
+4 674
+1 674
+2 674
+1 674
+1 674
+2 674
+1 674
+1 675
cfi=(43)
cfn=(178)
calls=1 -50 
* 2
* 4
+51 1
+2 1
+2 1
+2 1
+2 1
+1 2
+70 673
+1 673
+2 673
+1 673
+3 466
+1 466
+1 466
+1 466
+1 466
+1 466
+1 1398
+4 466
+1 466
-1 207
+1 207
+3 301
cfi=(43)
cfn=(178)
calls=301 55 
* 602
* 1204
+9 372
cfi=(43)
cfn=(178)
calls=372 55 
* 744
+1 372
+1 372
+6 372
+1 372
+10 372
cfi=(43)
cfn=(178)
calls=372 55 
* 744
+1 372
+1 372
+8 372
+1 294
+2 294
+1 294
+1 294
+1 294
+1 294
+1 294
+1 294
+1 294
+1 294
+1 294
+1 294
-10 31
+1 31
+1 31
+1 31
+1 31
+1 31
+1 31
+1 31
+1 31
+1 31
+1 31
+3 31
+1 31
+1 31
+1 31
+1 31
+1 31
+1 31
+1 31
+1 31
+1 31
+1 31
+3 294
+1 294
cfi=(43)
cfn=(178)
calls=294 55 
* 588
* 1176
+4 237351
+1 237351
+1 237351
+1 237351
+1 237351
+1 237351
+1 237351
+1 237351
+1 237351
+1 237351
+1 237351
+1 237351
+1 237351
+1 237351
+3 78
cfi=(43)
cfn=(178)
calls=78 55 
* 156
* 312
532 43
+2 43
+2 43
+2 43
+1 86
-1 164
+1 328
+79 129
+1 129
+1 258
+68 129
+2 129
+2 129
+2 129
+2 129
+2 129
+2 129
+2 129
+1 129
+1 258
+68 173
+2 173
+2 173
+2 173
+2 173
+2 173
+2 173
+2 173
+1 173
+1 173
+1 346
+4 35
+2 35
+2 35
+2 35
+2 35
+2 35
+2 35
+2 35
+1 35
+1 35
+1 35
+1 70

fl=(100) /build/buildd/eglibc-2.19/misc/../sysdeps/unix/sysv/linux/i386/brk.c
fn=(476) brk
33 6
cfi=(43)
cfn=(178)
calls=2 +22 
* 4
* 2
+4 6
cob=(1)
cfi=(1)
cfn=(338)
calls=2 -37 
* 4
* 4
+2 4
+8 2
-6 4
+7 4

fl=(110)
fn=(540)
35 6
cfi=(43)
cfn=(178)
calls=1 +20 
* 2
* 2
+1 2
cfi=(80)
cfn=(396)
calls=1 +7 
* 27
* 1
+4 7
+3 2
+30 1
+1 1
+2 1
-8 1
+5 1
+3 1
-3 1
+3 280
+9 138
+7 7

fl=(86) /build/buildd/eglibc-2.19/io/../sysdeps/unix/syscall-template.S
fn=(596) __read_nocancel
81 12
cob=(1)
cfi=(1)
cfn=(338)
calls=2 -81 
* 4
* 8

fn=(636) __close_nocancel
81 4
cob=(1)
cfi=(1)
cfn=(338)
calls=1 -81 
* 2
* 4

fn=(426) __write_nocancel
81 545898
cob=(1)
cfi=(1)
cfn=(338)
calls=90983 -81 
* 181966
* 363932

fn=(574) __open_nocancel
81 6
cob=(1)
cfi=(1)
cfn=(338)
calls=1 -81 
* 2
* 4

fn=(424) write
81 181966
cfn=(426)
calls=90983 * 
* 1091796

fl=(63)
fn=(266)
550 5
cfi=(43)
cfn=(178)
calls=1 55 
* 2
* 2
+13 3
+7 2
+2 2
+3 1
-3 1
cfn=(268) handle_intel
calls=1 305 
* 1176
+4 1
-4 1
+4 2
cfn=(268)
calls=1 305 
* 1193
+2 1
-2 1
+2 1
+11 2
+18 4
+7 1
-7 1
+7 3
+9 15
-9 12
+6 4
-6 5
+6 2
+49 4
+75 2
+2 3
+3 2
+1 2
-3 1
+3 1
+1 1
+3 2
+2 1
+1 1
-1 1
+3 1
-3 1
+4 2
+1 1
-1 1
+3 6
-93 5
-45 2
+6 6
+26 3
-75 2
-1 1
+1 1
cfn=(268)
calls=1 305 
* 930
* 2

fn=(268)
305 12
+1 3
-1 3
+1 3
+16 3
-3 6
+1 6
-3 3
+11 6
+12 18
cfn=(270) intel_check_word
calls=3 161 
* 1203
+1 6
+3 15
cfn=(270)
calls=3 161 
* 933
+1 6
+3 15
cfn=(270)
calls=3 161 
* 96
+1 6
+3 15
cfn=(270)
calls=3 161 
* 870
+1 6
-31 4
+6 12
+5 3
-5 9
+5 3
+2 3
+1 3
-1 6
+22 1
+4 1
-4 3
+1 2
+4 15

fn=(270)
161 72
cfi=(43)
cfn=(178)
calls=12 55 
* 24
* 12
+1 12
-1 24
+1 12
+6 96
+2 12
-2 12
+2 51
+2 9
+2 18
-2 21
+2 42
+8 60
+53 66
+21 2
fi=(64) /build/buildd/eglibc-2.19/string/../bits/stdlib-bsearch.h
27 30
+1 120
+3 246
-2 126
+2 126
-2 126
+2 228
fe=(63)
150 114
fi=(64)
32 114
fe=(63)
150 228
fi=(64)
31 82
fe=(63)
150 82
fi=(64)
32 82
fe=(63)
150 164
+3 189
fi=(64)
37 63
-8 63
+8 63
-8 63
fe=(63)
295 26
170 78
-6 10
300 60
-25 28
+14 10
+1 2
+5 2
-5 2
170 8
277 4
+2 4
+2 2
+19 12

fl=(117)
fn=(582)
38 5
+5 5
-5 15
+1 10
+3 10
+4 20
-2 30
cfi=(82)
cfn=(584)
calls=5 493 
* 739
* 5
+1 15

fl=(95)
fn=(454)
126 7
cfi=(43)
cfn=(178)
calls=1 -71 
* 2
* 5
+5 5
cob=(1)
cfi=(2)
cfn=(50)
calls=1 837 
* 3
+2 2
cob=(1)
cfi=(96)
cfn=(462)
calls=1 +45 
* 54
cob=(1)
cfi=(51)
cfn=(204)
calls=1 28 
* 1330
* 5
+2 1
-2 2
+2 1
30 1
+1 1
-1 1
+1 1
+3 2
+5 2
+6 1
-6 1
+6 1
-6 1
-1 1
+2 3
+2 3
+3 1
+5 9
+2 2
+1 2
-1 2020
+1 2020
+2 3644
+6 13168
+2 11905
+1 19684
+7 12916
-21 3033
+49 3
+1 2
+1 3
+3 3
+37 5
cob=(1)
cfi=(2)
cfn=(52)
calls=1 843 
* 3
+3 7
-28 1
+22 1
-22 1
+1 2

fl=(127)
fn=(628)
40 7
cfi=(43)
cfn=(178)
calls=1 +15 
* 2
* 1
+9 2
+5 4
+3 3
+4 3
-3 2
fi=(87)
904 2
+1 3
fe=(127)
63 5
cfi=(81)
cfn=(642) _IO_file_finish@@GLIBC_2.1
calls=1 202 
* 50
+1 3
+18 1
+6 1
-6 5
+2 1
+1 3
cfi=(92)
cfn=(546)
calls=1 2912 
* 131
* 1
* 1
+4 6
-10 3
-24 2
cfi=(82)
cfn=(630)
calls=1 +5 
* 63
* 3
+4 2
cfi=(81)
cfn=(632) _IO_file_close_it@@GLIBC_2.1
calls=1 +99 
* 139
* 3

fl=(93) /build/buildd/eglibc-2.19/malloc/hooks.c
fn=(450) malloc_hook_ini
29 3
cfi=(43)
cfn=(178)
calls=1 +26 
* 2
* 3
+1 2
fi=(94)
373 3
fe=(93)
32 1
cfi=(94)
cfn=(452)
calls=1 371 
* 70375
* 1
+1 3
-1 1
cfi=(92)
cfn=(449) malloc'2
calls=1 2876 
* 1102

fl=(74)
fn=(346)
30 2
cfi=(43)
cfn=(178)
calls=1 +25 
* 2
* 1
+4 1
+1 1
+2 1
+1 1
+1 1
+1 1
+1 1
+1 1
+2 1
+3 1

fl=(114)
fn=(558)
102 2
+1 1
-1 1
cfi=(43)
cfn=(178)
calls=1 -47 
* 2
* 1
+1 5
cfn=(560) __fopen_internal
calls=1 -38 
* 613
+1 3

fn=(560)
65 3
cfi=(43)
cfn=(178)
calls=1 -10 
* 2
* 2
+8 2
cfi=(92)
cfn=(448)
calls=1 2876 
* 177
* 1
+2 1
-2 1
+2 1
+3 2
+3 8
cfi=(82)
cfn=(562)
calls=1 643 
* 68
+4 1
+1 1
-1 1
+1 1
cfi=(81)
cfn=(566) _IO_file_init@@GLIBC_2.1
calls=1 +57 
* 99
+4 8
cfi=(81)
cfn=(570) _IO_file_fopen@@GLIBC_2.1
calls=1 254 
* 216
* 2
+1 2
cfn=(576) __fopen_maybe_mmap
calls=1 -51 
* 10
+5 4

fn=(576)
40 3
cfi=(43)
cfn=(178)
calls=1 +15 
* 2
* 1
+2 2
+15 2

fl=(85)
fn=(410)
29 2
+2 2
+2 2
+2 2
+3 2
+2 2
+1 2
+1 2
+2 2
+2 2
+2 2
+1 2
+1 2
+1 2
+2 2
+3 2
cob=(1)
cfi=(1)
cfn=(338)
calls=2 -56 
* 4
+3 2
+3 2
+3 2
+3 2
+5 2
+1 2
+3 2

fl=(131) /build/buildd/eglibc-2.19/time/difftime.c
fn=(674) difftime
109 6579
+11 2193

fl=(137)
fn=(720)
165 172
+3 43
-3 43
cfi=(43)
cfn=(178)
calls=43 55 
* 86
* 172
+3 172
+2 86
+9 602
+9 258

fl=(80)
fn=(396)
43 90948
+1 90948
+2 90948
+2 90948
+1 2
+2 1
+1 1
+2 1
+1 1
+2 1
+2 1
+1 1
+2 1
+2 1
+1 1
+2 1
+1 1
+26 1
+1 1
+2 1
+1 1
+2 1
+1 1
-7 90947
+1 90947
+2 90947
+1 90947
+2 90947
+1 90947
+2 90943
+2 90943
+2 90943
+3 90942
+1 90942
+2 90942
+1 90942
+2 90942
+1 90942
+2 90941
+2 90941
+2 90941
+3 90941
+1 90941
+2 90941
+1 90941
+2 90941
+1 90941
+2 90941
+2 90941
+2 90941
+3 90941
+1 90941
+2 90941
+1 90941
+2 90941
+1 90941
+2 1
+2 1
+2 1
+3 90948
+1 90948
+2 90948
+1 90948
+2 90947
+1 90947
+2 90947
+2 5
+1 5
+2 5
+1 5
+2 5
+2 5
+3 5
-3 90943
+3 90943

fl=(77) /build/buildd/eglibc-2.19/inet/../sysdeps/i386/htons.S
fn=(362) htons
29 1
+1 1
+1 1
+1 1

fl=(88) /build/buildd/eglibc-2.19/string/../sysdeps/i386/i686/multiarch/../mempcpy.S
fn=(430) __GI_mempcpy
40 90939
+1 90939
+2 90939
+1 90939
+2 90939
+1 90939
+1 90939
+1 90939
+1 90939
+1 90939
+1 90939
+2 363756
+2 90939
+2 90939
+3 90939

fl=(70)
fn=(328)
33 1
+1 1
+3 1
+1 1
+1 1
+1 1
+2 2
+2 1
+1 1
+3 2
+2 1
+1 1
+2 1
+1 1

fl=(72) /build/buildd/eglibc-2.19/socket/../sysdeps/unix/sysv/linux/i386/socket.S
fn=(380) accept
45 1
+1 1
+4 1
+3 1
+3 1
+1 1
+3 1
cob=(1)
cfi=(1)
cfn=(338)
calls=1 -60 
* 2
+3 1
+4 1
+1 1
+3 1

fn=(436) recv
45 35
+1 35
+4 35
+3 35
+3 35
+1 35
+3 35
cob=(1)
cfi=(1)
cfn=(338)
calls=35 -60 
* 70
+3 35
+4 35
+1 35
+3 35

fn=(368) bind
50 1
+3 1
+3 1
+1 1
+3 1
cob=(1)
cfi=(1)
cfn=(338)
calls=1 -60 
* 2
+3 1
+4 1
+1 1
+3 1

fn=(336) socket
50 1
+3 1
+3 1
+1 1
+3 1
cob=(1)
cfi=(1)
cfn=(338)
calls=1 -60 
* 2
+3 1
+4 1
+1 1
+3 1

fn=(374) listen
50 1
+3 1
+3 1
+1 1
+3 1
cob=(1)
cfi=(1)
cfn=(338)
calls=1 -60 
* 2
+3 1
+4 1
+1 1
+3 1

fl=(112)
fn=(554)
40 1382
+1 1382
+1 1382
+1 1382
+2 1382
+1 1382
+1 1382
+1 1382
+1 1382
+1 1382
+2 1378
+1 1378
+2 1378
+1 1378
+11 1378
+1 1378
+1 1378
+1 1378
+1 23383
+2 1378
+1 1379
+2 1378
+2 1378
+1 1378
+1 1378
+2 1378
-4 4
+1 4
+1 4
+2 4
+6 4
+1 4
+1 2
+1 2
+1 2
-1 2
+1 2
+1 1
+1 22
+2 4

fl=(42)
fn=(176)
28 2
cfi=(43)
cfn=(178)
calls=1 +27 
* 2
* 1
+4 1
+1 1
+1 1
cfi=(44)
cfn=(180)
calls=1 +10 
* 74
+1 1
+1 1
+1 1
+1 1
+1 1
+3 1

fl=(61)
fn=(262)
29 1
+2 1
-2 2
cfi=(43)
cfn=(178)
calls=1 +26 
* 2
* 1
+2 7
+2 4
+2 4
+1 3

fl=(124)
fn=(616)
36 7
cfi=(43)
cfn=(178)
calls=1 +19 
* 2
* 1
+3 3
+1 6
cfi=(122)
cfn=(606)
calls=1 +3 
* 109
* 2
+1 8
fi=(125) /build/buildd/eglibc-2.19/libio/../libio/libioP.h
904 2
fe=(124)
47 2
+8 1
+7 1
-7 3
+8 6

fl=(92)
fn=(468) malloc_consolidate
4104 6
cfi=(43)
cfn=(178)
calls=1 55 
* 2
* 2
+22 3
+73 5
-3 1
cfn=(470) malloc_init_state
calls=1 1780 
* 656

fn=(466) _int_malloc
3302 1302
cfi=(43)
cfn=(178)
calls=217 55 
* 434
* 217
+30 217
-30 217
+30 1953
+8 217
-8 217
+8 217
+2 10
+2 5
-1 5
-1 5
+1 5
+5 10
+29 217
+2 217
-2 217
+2 14
+1 7
+2 21
1862 171
3743 171
1862 342
3806 1281
3421 1750
+1 420
+1 2
cfn=(468)
calls=1 4104 
* 675
3790 1302
+2 4991
3462 217
3792 434
3462 217
-20 434
+66 2
+1 2
+1 2
-2 2
+1 2
+51 12
+1 2
+6 2
-5 2
-1 2
+2 2
+1 2
+3 2
-7 1020
+1 170
+6 170
-5 170
-1 170
+2 170
+1 170
+3 170
3442 1167
+3 208
-1 208
+1 416
+1 416
+3 208
+10 422
+30 206
+4 206
-5 206
+1 206
+4 206
+13 344
+8 680
+1 136
+1 136
+3 272
-5 782
+1 34
+1 34
+3 68
+38 680
-43 680
-53 3
-1 6
+1 6
+4 4
+1 2
+4 2
-3 4
+1 2
+1 4
+1 2
+6 14
1862 2
3476 6
+6 2
-6 2
+2 4
1862 2
3478 2
+1 2
1862 2
3514 816
+62 362
+73 362
+2 362
+1 181
-2 181
+3 362
+5 1691
+7 36
-3 66
3765 10
+1 30
+2 20
+17 2
3674 1240
+2 2480
-4 3020
+8 270
+3 540
+2 99
+1 99
-1 99
+2 99
-2 198
+62 99
-80 3
+1 2
3495 68
+1 102
1862 34
3499 34
1862 68
3806 238
3578 352
+3 528
3421 490
3692 513
+3 171
-3 171
+3 171
+5 171
-3 342
+3 2049
+3 342
+10 171
+5 171
+1 171
-6 171
+6 342
+11 171
-6 171
+1 171
+1 171
+1 171
+3 171
+1 1
+1 342
+2 170
+1 170
+2 1530
+2 510
+1 340
-3 9
+2 3
+1 2
+30 9
+3 9
-3 9
+3 18
+2 9
-2 9
-2 9
+2 27
-1 9
+6 9
-5 9
1862 9
3775 9
1862 18
2271 6
+11 3
+78 2
+9 1
-9 1
+9 1
+9 4
2700 2
+1 1
+5 2
+3 2
+2 3
+3 2
-2 1
+1 1
+4 1
-3 3
+1 1
-1 3
+1 2
3801 2
1862 3
3766 1
-1 1
2272 2
2433 2
+19 1
-19 1
+9 5
+10 4
+8 1
-8 2
+8 1
+2 4
cfi=(98)
cfn=(472)
calls=1 46 
* 87
+4 2
-4 1
+4 1
+3 2
+1 2
+19 1
+27 3
+1 1
+1 2
+6 1
-6 1
+6 1
-31 2
+34 7
+36 2
+6 3
+19 1
+4 1
-1 2
+1 4
+2 1
-2 2
+2 1
+1 4
cfi=(98)
cfn=(472)
calls=1 46 
* 35
+12 2
+8 2
+1 3
+38 1
+2 1
-1 3
-1 1
+1 1
+12 1
-11 1
+11 2
-98 3
2369 3
3700 1870

fn=(546)
2912 502
cfi=(43)
cfn=(178)
calls=251 55 
* 502
* 753
+5 502
+1 502
+6 502
+3 205
+2 615
+16 615
+1 205
+1 410
-1 205
cfn=(646) _int_free
calls=205 3814 
* 26355
+1 138

fn=(470)
1780 4
cfi=(43)
cfn=(178)
calls=1 55 
* 2
* 4
+8 3
-3 2
+3 378
-3 252
+7 3
+8 1
-4 1
+3 1
+1 1
-3 2
+3 2

fn=(646)
3814 1435
+13 205
-13 205
cfi=(43)
cfn=(178)
calls=205 55 
* 410
* 205
+13 410
+6 820
+1 410
+11 410
+13 410
+75 410
+1 205
3825 205
3934 410
+18 205
-4 205
+4 615
+6 410
+8 615
+6 410
+1 410
+1 615
1869 615
3983 410
+1 170
+2 170
-1 170
+2 2380
+3 615
+5 410
+4 205
+8 410
+1 205
+1 410
+7 205
-2 205
+1 205
+1 205
+2 204
+1 204
+2 408
+1 204
+2 612
+1 204
+30 408
-34 2
+1 1
+2 3
+1 1
+30 2
+1 306
+3 306
3943 1435
+2 410
4075 615
+1 615
+1 1025
+10 1230
-26 510
3960 615
-2 410

fn=(448)
2876 651
cfi=(43)
cfn=(178)
calls=217 55 
* 434
* 434
+5 434
+1 434
+3 648
+2 1512
+4 648
cfn=(466)
calls=216 3302 
* 53313
+1 216
-1 216
+1 216
+11 864
+1 1944
+3 868
-24 5
cfi=(93)
cfn=(450)
calls=1 29 
* 71496
* 1

fn=(449)
2876 3
cfi=(43)
cfn=(178)
calls=1 55 
* 2
* 2
+5 2
+1 2
+3 3
+2 7
+4 3
cfn=(466)
calls=1 3302 
* 1058
+1 1
-1 1
+1 1
+11 4
+1 9
+3 4

fl=(121)
fn=(604)
35 6
cfi=(43)
cfn=(178)
calls=1 +20 
* 2
* 1
+3 3
+1 9
cfi=(122)
cfn=(606)
calls=1 +4 
* 198
* 5
fi=(87)
904 2
fe=(121)
42 6

fl=(129)
fn=(654)
33 43
+4 43
-4 172
+4 43
-4 43
cfi=(43)
cfn=(178)
calls=43 +22 
* 86
* 43
+4 387
+1 86
+2 86
+5 86
+5 258
+2 43
-2 172
+1 86
+1 215
+3 43
-3 172
+1 129
+2 430
+1 129
+1 43
+1 86
-1 43
+6 43
+3 688
+4 86
+1 344
-1 43
+1 1161
-1 43
+1 43
-1 43
+1 129
-1 1462
-1 43
+1 43
-1 43
+1 43
-1 86
+3 43
-2 43
+1 43
-2 43
-6 1290
+11 215
+8 86
-1 43
+1 645
+1 43
-1 43
+1 817
+3 43
-1 86
+2 86
+2 43
-3 43
+3 258

fl=(45)
fn=(182)
27 2
cfi=(43)
cfn=(178)
calls=1 +28 
* 2
* 1
+4 1
+1 1
+2 1
+1 1
+1 1
+1 1
+1 1
+1 1
+4 1
+3 1

fl=(105) /build/buildd/eglibc-2.19/string/strstr.c
fn=(500) strstr
53 220
+10 44
-10 44
cfi=(43)
cfn=(178)
calls=44 +2 
* 88
* 44
+10 138
-5 2
+5 3
+1 10
-1 6
+2 88
+24 44
-23 44
+23 220
-26 43
-5 86

fl=(116)
fn=(580)
83 2

fl=(134) /build/buildd/eglibc-2.19/stdio-common/fprintf.c
fn=(712) fprintf
27 43
+4 43
+1 258
cfi=(135)
cfn=(714)
calls=43 235 
* 46083
+4 86

fl=(46)
fn=(184)
36 2
cfi=(43)
cfn=(178)
calls=1 +19 
* 2
* 1
+3 1
+1 1
+3 1
+1 1
+1 1
+1 1
+16 1
+1 1
+2 1

fl=(81)
fn=(422) _IO_file_write@@GLIBC_2.1
1254 363932
+2 90983
-2 181966
+2 363932
+11 90983
+1 90983
-12 181966
+5 636881
cfi=(86)
cfn=(424)
calls=90983 81 
* 1273762
+1 181966
+9 363932
+3 727864

fn=(570)
254 6
+11 1
-11 1
cfi=(43)
cfn=(178)
calls=1 55 
* 2
* 2
+11 2
+2 3
+7 1
-19 1
+37 20
-2 4
+43 12
cfn=(572) _IO_file_open
calls=1 221 
* 77
+3 1
-3 1
+3 1
+17 5
cfi=(105)
cfn=(500)
calls=1 53 
* 49
+1 1
-1 1
+1 1
-62 6
+32 1
-2 1
+2 1
+1 1
-7 2
+1 1
-48 1
-16 1
+15 2
+84 1
+77 6

fn=(586)
1364 35
cfi=(43)
cfn=(178)
calls=5 55 
* 10
* 5
+7 15
+11 25
+2 15
+1 10
-1 3
+1 2
+8 2
+13 2
+9 3
+1 4
-34 2
+6 5
+68 5
+1 20
-1 5
+1 15
-70 25
cfi=(112)
cfn=(554)
calls=5 40 
* 161
+1 15
+30 2
cfi=(82)
cfn=(588)
calls=1 330 
* 138
* 2
-44 3
+5 2
cfi=(82)
cfn=(402)
calls=1 414 
* 147
* 1

fn=(400)
824 636979
cfi=(43)
cfn=(178)
calls=90997 55 
* 181994
* 181994
+1 272991
+7 545974
+35 181994
+3 181906
+3 363812
+1 272859
+1 363812
+4 181906
+1 545982
-45 6
+12 4
+9 8
+4 2
+4 2
-3 4
+2 4
+1 2
-6 2
+1 2
+4 2
+1 6
+1 4
+12 181880
-1 181880
+1 90940
-1 181880
cfn=(414) _IO_do_write@@GLIBC_2.1
calls=90940 509 
* 9912460
* 181880
-7 44
-1 44
+1 44
-1 132
cfn=(414)
calls=44 509 
* 396
* 44
-31 4
cfi=(82)
cfn=(402)
calls=2 414 
* 204
+1 12

fn=(566)
143 3
+5 1
-1 2
+3 2
cfi=(82)
cfn=(568)
calls=1 -51 
* 87
+1 1
+1 3

fn=(398)
1281 90983
+7 90983
-7 545898
cfi=(43)
cfn=(178)
calls=90983 55 
* 181966
* 181966
+6 181966
+7 363932
+17 176
+4 272817
+5 545634
cfi=(88)
cfn=(430)
calls=90939 40 
* 1636902
* 90939
+5 90939
-5 90939
+6 272817
+2 272817
+27 181966
+1 545898
-45 88
+17 132
+4 220
cfn=(400)
calls=44 824 
* 2196
* 88
+6 44
+1 44
-1 44
+1 91
+2 132
+11 88
+1 5
cfi=(82)
cfn=(416)
calls=1 447 
* 850
* 2
-57 272817
+1 181878
+3 363756
+2 3728499
-2 2546292
+43 215
cfn=(420) new_do_write
calls=43 521 
* 3956
+2 43
-1 43
+1 86

fn=(572)
221 6
cfi=(43)
cfn=(178)
calls=1 55 
* 2
* 2
+4 1
-4 2
+4 1
-4 1
+4 1
-1 1
+1 1
-1 1
+8 2
+3 2
+1 1
-1 1
-1 1
+1 2
+1 1
-1 1
+1 1
+7 2
cfi=(82)
cfn=(568)
calls=1 99 
* 19
+1 1
+1 6
-20 4
cfi=(86)
cfn=(574)
calls=1 81 
* 12

ob=(6)
fl=(90) /home/genglei/test/memleak/ub370_e.c
fn=(440) init_raw
1200 385
+1 700
+1 105
+1 1365
+1 2695
+1 1190
+1 1540
+1 1295
+1 595
+1 2240
+3 105
cfi=(91)
cfn=(442) trace
calls=35 3612 
* 350
+2 70
+5 175
cob=(3)
cfi=(75)
cfn=(348)
calls=35 90 
* 1405705
* 35
+2 525
+1 70
+1 805
+1 70
+1 70
+2 10080
+2 6048000
-2 2278080
+4 10080
+2 252000
-2 85680
+4 10080
+2 252000
-2 85680
+4 146160
-14 15190
+16 70
+2 11200
-2 6790
+4 2310
+1 105
+1 210
+1 490
+1 70
+1 70
+2 716800
-2 430150
+4 70
+2 70
+1 70
+1 70
+1 70
+1 70
+1 70
+2 70
+2 70
+2 10080
+2 151200
-2 55440
-2 15190
+8 70
cob=(3)
cfi=(92)
cfn=(448)
calls=35 2876 
* 84571
cob=(1)
cfi=(51)
cfn=(204)
calls=1 28 
* 987
* 39
* 245
+1 70
cob=(3)
cfi=(92)
cfn=(448)
calls=35 2876 
* 11905
* 35
* 175
-1 70
+2 70
cob=(3)
cfi=(92)
cfn=(448)
calls=35 2876 
* 9870
* 35
* 175
-1 70
+2 70
cob=(3)
cfi=(92)
cfn=(448)
calls=35 2876 
* 10074
* 35
* 175
-1 70
+2 70
cob=(3)
cfi=(92)
cfn=(448)
calls=35 2876 
* 11259
* 35
* 175
-1 70
+2 70
cob=(3)
cfi=(92)
cfn=(448)
calls=35 2876 
* 5241
* 35
* 175
-1 70
+6 70
+1 70
+1 70
+1 70
+1 70
+1 70
+1 70
+2 107520
-2 6790
+4 70
+2 107520
-2 6790
+4 70
+2 408240
-2 15190
+4 70
+2 196560
-2 15190
+4 70
+2 41160
-2 2590
+4 70
+2 75670
-2 4900
+4 10150
+2 126000
cfi=(91)
cfn=(478) satsys
calls=25200 436 
* 600250
* 75600
+4 294000
-6 63000
+6 37800
-6 37870
+8 210
+1 210
+1 350
+1 350
+1 70
+2 1365
-2 385
+4 105
+1 105
+1 70
+1 70
+1 70
+1 70
+1 70
+2 210
cob=(3)
cfi=(75)
cfn=(348)
calls=35 90 
* 2485
* 35
+1 35
+1 315

fn=(722) free_raw
1390 102
+1 102
cfi=(91)
cfn=(442)
calls=34 3612 
* 340
+1 136
+2 136
cob=(3)
cfi=(92)
cfn=(546)
calls=34 2912 
* 4522
cob=(1)
cfi=(51)
cfn=(204)
calls=1 28 
* 918
* 38
+1 68
+2 68
+2 136
+2 136
cob=(3)
cfi=(92)
cfn=(546)
calls=34 2912 
* 5100
* 34
+1 68
+2 68
+2 136
+2 136
cob=(3)
cfi=(92)
cfn=(546)
calls=34 2912 
* 5100
* 34
+1 68
+2 68
+2 136
+2 136
cob=(3)
cfi=(92)
cfn=(546)
calls=34 2912 
* 5474
* 34
+1 68
+2 68
+2 136
+2 136
cob=(3)
cfi=(92)
cfn=(546)
calls=34 2912 
* 5474
* 34
+1 68
+2 68
+2 136
+2 136
cob=(3)
cfi=(92)
cfn=(546)
calls=34 2912 
* 5474
* 34
+1 68
+2 68
+1 68

fl=(132) /home/genglei/test/memleak/HRCCoder.c
fn=(688) conv_hrc_obs_buf
151 129
+4 258
+5 172
cfi=(91)
cfn=(690) sortobs
calls=43 3343 
* 338357
+1 344
+12 688
cfn=(704) encodeMSM4
calls=43 31 
* 6477778
* 43
+1 86
+2 258
cob=(3)
cfi=(134)
cfn=(712)
calls=43 27 
* 46513
cob=(1)
cfi=(51)
cfn=(204)
calls=1 28 
* 955
* 47
+1 43
+14 86

fn=(706) Initialize_rtcm
23 215
+1 62178
+1 301
cob=(3)
cfi=(104)
cfn=(490)
calls=43 +75 
* 41280
* 43
+1 215
cob=(3)
cfi=(75)
cfn=(348)
calls=43 +64 
* 1920380
* 43
+1 301
cob=(3)
cfi=(104)
cfn=(490)
calls=43 +73 
* 41280
* 43
+1 43
+1 215

fn=(704)
31 129
+1 129
+1 129
+3 86
cfn=(706)
calls=43 -13 
* 2066537
+1 301
+1 301
cob=(3)
cfi=(104)
cfn=(490)
calls=43 +62 
* 4409607
* 43
+1 258
+1 86
+2 86
+57 86

fl=(101) /home/genglei/test/memleak/decode.c
fn=(480) input_raw_zy
21 153770424
+1 461311272
+5 461311272
cfi=(102) /home/genglei/test/memleak/rt17.c
cfn=(482) input_rt17_zy
calls=51256808 700 
* 6202931033
* 51256807
+10 102513614

fl=(71)
fn=(330)
19 12
+1 2
+1 1
+2 1288
+2 1
+4 1
+2 4
cob=(3)
cfi=(72)
cfn=(336)
calls=1 +19 
* 11
cob=(1)
cfi=(51)
cfn=(204)
calls=1 -3 
* 947
* 5
* 1
+1 5
cob=(3)
cfi=(75)
cfn=(348)
calls=1 +58 
* 24
cob=(1)
cfi=(51)
cfn=(204)
calls=1 -4 
* 958
* 5
+1 5
cob=(3)
cfi=(75)
cfn=(348)
calls=1 +57 
* 752
* 1
+2 5
cob=(3)
cfi=(76)
cfn=(354)
calls=1 +21 
* 287
cob=(1)
cfi=(51)
cfn=(204)
calls=1 -7 
* 993
* 5
* 2
+2 2
+2 1
+2 2
cob=(3)
cfi=(77)
cfn=(362)
calls=1 -12 
* 4
cob=(1)
cfi=(51)
cfn=(204)
calls=1 -13 
* 941
* 5
* 1
+2 6
cob=(3)
cfi=(72)
cfn=(368)
calls=1 +7 
* 11
cob=(1)
cfi=(51)
cfn=(204)
calls=1 -15 
* 926
* 5
+2 4
cob=(3)
cfi=(72)
cfn=(374)
calls=1 +5 
* 11
cob=(1)
cfi=(51)
cfn=(204)
calls=1 -17 
* 940
* 5
+2 5
cob=(3)
cfi=(72)
cfn=(380)
calls=1 -2 
* 13
cob=(1)
cfi=(51)
cfn=(204)
calls=1 -19 
* 963
* 5
* 1
+1 1
+1 1
+1 41
+1 19
+2 2
+1 39
+4 909410
cob=(3)
cfi=(78)
cfn=(386)
calls=90941 +23 
* 1818820
cob=(1)
cfi=(51)
cfn=(204)
calls=1 -30 
* 947
* 90945
* 90941
+1 181882
+2 630
+2 245
cob=(3)
cfi=(72)
cfn=(436)
calls=35 -18 
* 455
cob=(1)
cfi=(51)
cfn=(204)
calls=1 -35 
* 917
* 39
* 35
+1 70
+2 245
cfi=(89) /home/genglei/test/memleak/convert_fun.c
cfn=(438) construct_hrc_buf
calls=35 -7 
* 9094604433
+6 3546660
+1 181880
cob=(3)
cfi=(79)
cfn=(394)
calls=90940 -39 
* 41105881
cob=(1)
cfi=(51)
cfn=(204)
calls=1 -45 
* 917
* 90944
+1 454700
+5 90940

fl=(102)
fn=(492) check_packet_checksum
957 390
+1 130
+1 390
+1 650
+5 130
+2 137780
+1 27556
-3 55372
+11 650
+1 260

fn=(494) clear_packet_buffer
1045 153770424
+3 102513616
+2 1025136145
-2 717595303
+5 307540842
+1 102513614

fn=(514) decode_type_27
2619 172
+1 129
+4 129
+1 43
+1 43
+1 43
+2 43
+1 43
+10 43
+1 172
+1 43
+1 43
+1 43
+1 43
+1 43
+1 129
+3 172
+2 172
cfn=(516) HLBit2Short
calls=43 388 
* 2107
* 86
+1 172
cfn=(518) HLBit2Long
calls=43 400 
* 3225
* 215
+1 215
+1 129
+1 43
+1 129
+6 172
+6 172
+2 301
-2 43
+10 86
+1 129
cfi=(91)
cfn=(520) adjgpsweek
calls=43 2085 
* 63195
* 43
+1 301
cfi=(91)
cfn=(678) gpst2time
calls=43 1755 
* 8643
* 43
+1 301
+2 602
+6 172
+2 301
+1 258
+3 86
+2 2795
+1 2236
+5 3913
+1 3354
+1 1118
+2 430
+2 688
+2 344
+2 344
+4 688
+2 344
+19 1118
+2 1032
+5 2064
cob=(3)
cfi=(75)
cfn=(348)
calls=172 90 
* 7912
* 172
* 4644
cob=(3)
cfi=(75)
cfn=(348)
calls=387 90 
* 19909
* 387
+2 2322
+3 7267
cfi=(91)
cfn=(680) satno
calls=559 382 
* 10965
* 1118
+9 7826
+1 3354
+2 3354
+1 559
+1 559
+1 559
+1 1677
+5 1677
+5 1118
+4 1118
+2 5805
+2 2322
+4 4386
+6 6966
+1 6966
+6 3096
+3 1892
+2 7267
+1 8944
-1 2795
* 2795
+2 2236
+2 4472
+1 1118
-1 2236
cfn=(682) HLBit2ULong
calls=559 376 
* 17888
+1 3354
-1 1118
+9 4472
+1 3354
cfn=(684) HLBit2_6Int
calls=559 362 
* 57018
* 4472
-1 559
+5 5590
+2 1118
+2 2150
+2 688
+2 1720
+2 344
+2 1720
+6 3354
+1 3354
+3 559
+1 1677
+2 1032
+1 688
+2 3440
+2 172
+2 1677
+5 2236
+8 2236
+4 1677
+14 1204
+1 774
+2 430
+1 344
+1 86
+1 172
+1 86
+3 7267
+1 8944
-1 2795
* 2795
+2 7826
cfn=(516)
calls=559 388 
* 27391
+1 7826
-1 559
+2 4472
+1 3354
cfn=(684)
calls=559 362 
* 57018
* 4472
-1 559
+2 1118
+1 860
+1 430
+7 1118
+2 2150
+2 688
+2 1720
+2 344
+2 1720
+6 3354
+1 3354
+2 559
+1 1677
+5 1677
+5 2236
+8 2795
+7 86
+1 258
+10 559
+1 688
-1 215
* 215
+2 602
cfn=(516)
calls=43 388 
* 2107
+1 602
-1 43
+2 344
+1 258
cfn=(684)
calls=43 362 
* 4386
* 344
-1 43
+9 430
+2 86
+2 430
+14 258
+1 258
+2 43
+1 129
+5 129
+5 172
+8 215
+95 2322
2781 8643
-85 3483
3121 301
+1 129
+1 43
+1 129

fn=(682)
376 4472
+3 2236
+1 2236
+1 2236
+1 1677
+1 1677
+1 559
+1 2795

fn=(482)
700 205027232
+1 51256808
+5 102513616
+5 102513616
+5 153770424
+1 205027232
+1 520
+3 1040
+3 1170
cob=(3)
cfi=(104)
cfn=(490)
calls=130 100 
* 15300
cob=(1)
cfi=(51)
cfn=(204)
calls=1 28 
* 966
* 134
* 461310102
cob=(3)
cfi=(104)
cfn=(490)
calls=51256678 100 
* 871363526
* 51256678
+1 205027232
+1 256284040
+4 307540848
+5 358797656
+2 153770034
cfn=(494)
calls=51256678 1045 
* 2409063834
+1 102513354
+3 390
cfn=(492)
calls=130 957 
* 223308
* 260
+2 3
cfn=(494)
calls=1 1045 
* 47
+1 2
+2 516

ob=(3)
fl=(81)
fn=(572)
225 2

fn=(634) _IO_file_close
1245 4
cfi=(86)
cfn=(636)
calls=1 81 
* 10

fn=(590)
552 14
cfi=(43)
cfn=(178)
calls=2 55 
* 4
* 2
+8 6
+6 6
+3 6
+13 4
+20 4
cfi=(82)
cfn=(592)
calls=2 182 
* 44
+6 2
+5 4
-5 4
+1 2
+4 2
-2 2
-1 4
+3 10
cfn=(594) _IO_file_read
calls=2 1201 
* 40
+2 4
+10 4
-3 2
+3 8
+1 5
+1 2
+1 6
-1 2
+1 6

fn=(594)
1201 6
+3 10
cfi=(86)
cfn=(596)
calls=2 81 
* 24

fn=(406)
1222 2
+1 14
cfi=(84)
cfn=(408)
calls=2 33 
* 34
+1 4

fn=(414)
509 90984
+2 90984
-2 181968
+2 545728
cfn=(420)
calls=90940 +10 
* 8366480
* 363760
+1 272952

fn=(632)
158 5
+2 3
+4 1
+3 1
-3 1
-1 2
+6 1
+3 1
-3 1
cfi=(82)
cfn=(610)
calls=1 1119 
* 8
+3 2
+4 3
+9 5
cfi=(82)
cfn=(412)
calls=1 399 
* 47
+1 3
+1 3
+2 2
cfi=(82)
cfn=(630)
calls=1 60 
* 18
+5 2
-4 1
+4 1
-3 1
+1 2
+3 5
-23 4
cfn=(634)
calls=1 1245 
* 14
* 2

fn=(642)
202 3
+1 2
+6 2
+1 2
-1 1
cfi=(82)
cfn=(644)
calls=1 686 
* 40

fn=(420)
521 545898
+2 181966
+15 636881
cfn=(422)
calls=90983 1254 
* 4549150
* 90983
+1 272949
+6 90983
-4 90983
+4 90983
-4 272949
+1 181966
+3 90983
-2 90983
-5 90983
+9 454915
-17 90983
+3 90983
-3 272949
+14 181966

fn=(608)
947 18
cfi=(43)
cfn=(178)
calls=2 55 
* 4
* 4
+7 4
-7 2
+7 6
+3 2
+2 1
-2 3
+2 1
-2 1
+2 2
-2 3
+2 1
-2 1
+2 2
+1 3
+12 6
+13 4
1098 2
cfi=(82)
cfn=(610)
calls=1 +21 
* 8
+1 11
cfn=(612) _IO_file_seek
calls=1 1213 
* 54
+1 4
+4 1
-2 1
+1 2
+1 3
+1 3
+13 6
989 12
+1 10
+10 14
+14 2
+1 3
+6 1
+19 3
-71 2
+49 2
1118 8
954 4
+28 2
+20 3

fn=(612)
1213 2
+1 2
-1 1
cfi=(43)
cfn=(178)
calls=1 55 
* 2
* 1
+1 8
cfi=(123)
cfn=(614)
calls=1 30 
* 35
+1 3

fl=(136)
fn=(718)
34 86
+4 86
+1 86
+6 86
+1 86
+1 86
+1 86
+13 86
+1 86
+1 43
+1 43
+1 43
+1 43
+1 43
+1 43
+2 43
+1 43
+1 43
+1 43
+1 43
+1 43
+1 43
+1 43
+2 43
+1 43
+1 43
+1 43
+1 43
+1 43
+1 43
+1 43
+3 43
+34 86
+1 86
+2 86
+1 86
+10 86
+4 86
+3 86
+1 86
+4 86
+6 86
+1 86
+1 86
+3 86

ob=(6)
fl=(102)
fn=(482)
750 516
+6 516
+2 645
+1 645
+1 516
+2 516
+2 86
+6 258
+2 774
+7 1032
+7 1806
cob=(3)
cfi=(104)
cfn=(490)
calls=129 100 
* 14921
* 129
+1 1161
+1 1161
+1 387
cfn=(494)
calls=129 1045 
* 6063
+2 387
+3 215
cob=(3)
cfi=(105)
cfn=(500)
calls=43 53 
* 1075
cob=(1)
cfi=(51)
cfn=(204)
calls=1 28 
* 948
* 47
* 301
cfn=(502) decode_rawdata
calls=43 1961 
* 587017
* 43
+1 129
cfn=(686) clear_message_buffer
calls=43 1006 
* 2107
+1 86
+3 258
+2 172
+59 205027228

fn=(684)
362 10449
+2 2322
+3 2322
+2 62694
-2 23220
+4 4644
+1 4644
+1 8127

fn=(686)
1006 129
+3 86
+2 860
-2 602
+5 258
+1 86
+1 86

fn=(502)
1961 129
+10 43
+2 43
+1 129
+2 86
+2 129
+3 86
+13 215
cfn=(504) unwrap_rawdata
calls=43 3782 
* 22743
+6 129
+9 301
cfn=(514)
calls=43 2619 
* 562769
* 43
+1 43
+6 43
+1 86

fn=(504)
3782 129
+1 129
+1 86
+1 129
+1 43
+2 258
+2 43
+2 1032
+4 774
+1 774
+1 1032
cob=(3)
cfi=(104)
cfn=(512)
calls=129 100 
* 15437
cob=(1)
cfi=(51)
cfn=(204)
calls=1 28 
* 981
* 133
+1 258
+1 258
+1 258
+1 258
-12 344
+15 301
+1 86

fn=(516)
388 5805
+4 1290
+2 12900
-2 5160
+4 1290
+1 645
+1 4515

fn=(518)
400 387
+4 86
+2 1720
-2 602
+4 86
+1 43
+1 301

fl=(67)
fn=(312)
0 4

fn=(320) 0x080492a0
0 13

fn=(296)
0 13
cob=(3)
cfi=(68)
cfn=(304)
calls=1 133 
0 9143181415
cob=(1)
cfi=(51)
cfn=(204)
calls=1 28 
0 1144
0 5

fn=(310)
0 6
cfn=(312)
calls=1 0 
0 2
0 5
cob=(2)
cfi=(16)
cfn=(314)
calls=1 0 
0 12
0 12
cfn=(320)
calls=1 0 
0 13
0 9

fl=(89)
fn=(438)
59 105
+1 35
+1 35
+1 35
+2 70
+5 70
cfi=(90)
cfn=(440)
calls=35 1200 
* 14390146
+6 105
+2 820108928
cfi=(101)
cfn=(480)
calls=51256808 -56 
* 7433094422
* 51256807
+1 358797649
+11 51256764
-8 172
cfi=(132)
cfn=(688)
calls=43 +70 
* 6865757
+1 43
-7 358797824
+27 68
cfi=(90)
cfn=(722)
calls=34 1390 
* 35330
+2 68

ob=(3)
fl=(136)
fn=(718)
161 86
+1 86
+1 86
+2 86
+2 43
+1 43
+2 43
+1 43
+3 43
+1 43
+1 43
+1 43
+2 43
+1 43
+1 43
+1 43
+3 43
+1 43
+1 43
+1 43
+2 43
+2 43
+1 43
+2 43
+1 43
+3 43
+1 43
+1 43
+1 43
+2 43
+1 43
+1 43
+1 43
+3 43
+1 43
+1 43
+1 43
+2 43
+2 43
+1 43
+2 43
+1 43
+3 43
+1 43
+1 43
+1 43
+2 43
+13 43
+1 43
+1 43
+6 43
+1 43
-1 43
+1 43
+1 86
+1 86
+1 86
+2 86
+1 86
+1 86
+1 86

ob=(6)
fl=(91)
fn=(668) timediff
1878 6579
+1 10965
cob=(3)
cfi=(131)
cfn=(674)
calls=2193 109 
* 8772
cob=(1)
cfi=(51)
cfn=(204)
calls=1 28 
* 1041
* 2197
* 8772
+1 4386

fn=(478)
436 75600
+1 25200
+1 100800
+4 50400
+2 11200
+3 58800
+2 8400
+3 46200
+2 10500
+3 30450
+5 20300
+2 12250
+3 12075
+2 4025
+1 8050
+6 50400
+4 25200
+1 50400

fn=(656) epoch2time
1693 516
+1 2064
+1 516
+1 1204
* 1032
* 1032
* 344
+2 1376
+6 2752
+1 1333
-1 258
+2 645
cob=(4)
cfi=(130) /build/buildd/eglibc-2.19/math/../sysdeps/i386/fpu/s_floor.S
cfn=(662) floor
calls=129 11 
* 1677
* 129
-2 86
+2 215
cob=(4)
cfi=(130)
cfn=(662)
calls=43 11 
* 559
cob=(1)
cfi=(51)
cfn=(204)
calls=1 28 
* 797
* 47
* 860
* 344
+1 1032
* 1548
* 1548
+1 344
-1 172
+2 1032
+1 1204
+1 516

fn=(680)
382 1118
+1 1118
+4 3913
+3 860
+4 430
+2 688
+4 516
+14 688
+4 516
+10 1118

fn=(522) timeget
1889 215
+1 774
+15 172
cob=(3)
cfi=(107)
cfn=(528)
calls=43 81 
* 473
cob=(1)
cfi=(51)
cfn=(204)
calls=1 28 
* 1037
* 47
* 215
cob=(3)
cfi=(108) /build/buildd/eglibc-2.19/time/gmtime.c
cfn=(534) gmtime
calls=43 38 
* 24948
cob=(1)
cfi=(51)
cfn=(204)
calls=1 28 
* 956
* 47
* 129
+2 258
+1 258
+1 215
+1 215
+1 215
+1 473
+3 301
cfn=(656)
calls=43 1693 
* 6950
* 516
cfn=(664) timeadd
calls=43 -52 
* 2279
* 43
+1 258

fn=(666) utc2gpst
1957 129
+3 86
+2 387
cfn=(656)
calls=43 1693 
* 6020
* 602
cfn=(668)
calls=43 -84 
* 1862
* 215
+2 731
cfn=(664)
calls=43 1863 
* 2279
* 86
-4 86
+8 129

fn=(678)
1755 301
+1 172
cfn=(656)
calls=43 -63 
* 6106
* 43
+2 516
+4 387
* 258
+1 86
* 344
+1 301
+1 129

fn=(690)
3343 258
+3 258
cfn=(442)
calls=43 3612 
* 430
+2 172
+5 430
cob=(3)
cfi=(133)
cfn=(696)
calls=43 306 
* 257484
cob=(1)
cfi=(51)
cfn=(204)
calls=1 28 
* 932
* 47
+3 172
+2 11180
+1 860
+1 1247
cfn=(668)
calls=43 1878 
* 817
* 301
+2 29412
-6 2967
+9 172
+2 172
+2 172
+2 14964
cfn=(668)
calls=516 1878 
* 9804
* 2580
-2 2752
-2 473
+10 43
+1 258

fn=(442)
3612 336
+4 224
+6 336
+9 224

fn=(520)
2085 129
+2 129
cfn=(522)
calls=43 1889 
* 40994
* 430
cfn=(666)
calls=43 1957 
* 12612
* 430
cfn=(676) time2gpst
calls=43 1773 
* 7740
* 43
+1 129
+4 473
+1 86

fn=(664)
1863 602
+3 258
+1 258
cob=(4)
cfi=(130)
cfn=(662)
calls=86 11 
* 1118
* 86
* 86
+1 602
* 430
+1 258
+1 602
+1 258

fn=(676)
1773 129
+1 172
cfn=(656)
calls=43 -81 
* 6106

ob=(3)
fl=(136)
fn=(718)
260 86
+2 86
+1 86
+1 86
+7 86
+4 86

fl=(84)
fn=(408)
33 3
+2 3
-2 3
cfi=(43)
cfn=(178)
calls=3 +22 
* 6
* 3
+2 12
cob=(1)
cfi=(1)
cfn=(338)
calls=3 -35 
* 6
* 9
+6 6

fl=(108)
fn=(534)
38 86
cfi=(43)
cfn=(178)
calls=43 +17 
* 86
* 86
+1 258
cfi=(109)
cfn=(536)
calls=43 617 
* 24303
+1 129

fl=(99)
fn=(474)
34 10
cfi=(43)
cfn=(178)
calls=2 +21 
* 4
* 6
+8 11
+4 4
+4 3
+3 4
cfi=(100)
cfn=(476)
calls=1 -20 
* 20
* 2
+4 14
-14 2
cfi=(100)
cfn=(476)
calls=1 -10 
* 20
* 4

fl=(106)
fn=(510)
30 2
cfi=(43)
cfn=(178)
calls=1 +25 
* 2
* 1
+4 1
+1 1

ob=(6)
fl=(91)
fn=(676)
1774 43
+1 215
+1 430
+2 86
+2 129
+2 344
+1 86

fn=(702)
3324 4773
+1 6364
+1 23865
cfn=(668)
calls=1591 1878 
* 30229
* 1591
+1 11137
+4 9546
+4 12728
+1 3182

ob=(3)
fl=(106)
fn=(510)
37 1
+1 1
+1 1
+1 1
+1 1
+1 1
+2 1
+3 1

ob=(4)
fl=(50)
fn=(196)
66 14

fl=(55)
fn=(216)
25 2
cfi=(50)
cfn=(196)
calls=1 +41 
* 2
* 3
cob=(3)
cfi=(44)
cfn=(210)
calls=1 189 
* 11
* 1
* 6

fl=(53)
fn=(212)
25 2
cfi=(50)
cfn=(196)
calls=1 +41 
* 2
* 3
cob=(3)
cfi=(44)
cfn=(210)
calls=1 189 
* 11
* 1
* 6

fl=(66)
fn=(282)
0 4
cfi=(50)
cfn=(196)
calls=1 66 
0 2
0 19
cfi=(50)
cfn=(196)
calls=1 66 
0 2
0 9

fl=(130)
fn=(662)
11 258
+1 258
+2 516
+5 258
+1 258
+1 258
+1 258
+1 258
+2 258
+2 258
+2 258
+1 258

fl=(54)
fn=(214)
25 2
cfi=(50)
cfn=(196)
calls=1 +41 
* 2
* 3
cob=(3)
cfi=(44)
cfn=(210)
calls=1 189 
* 11
* 1
* 6

fl=(49)
fn=(194)
25 2
cfi=(50)
cfn=(196)
calls=1 +41 
* 2
* 3
cob=(3)
cfi=(44)
cfn=(210)
calls=1 189 
* 11
cob=(1)
cfi=(51)
cfn=(204)
calls=1 +3 
* 1172
* 5
* 6

totals: 9143320863
